   4.0914444e+00
   2.9359550e+00
   2.1638712e+00
   4.4402831e+00
   4.2423155e+00
   2.6504904e+00
   5.8240108e+00
   3.8666543e+00
   5.9668217e+00
   4.5935566e+00
   5.3879367e+00
   2.4760146e+00
   3.5798263e+00
   5.9790788e+00
   4.6277305e+00
   8.0392561e+00
   4.9436660e+00
   6.3962778e+00
   5.3523723e+00
   4.7936198e+00
   4.9606993e+00
   5.4787428e+00
   5.4358722e+00
   2.8696126e+00
   3.1427943e+00
   4.4531681e+00
   7.0782749e+00
   4.8983874e+00
   2.1996159e+00
   4.2915510e+00
   5.4671106e+00
   3.1675113e+00
   2.1872809e+00
   5.7660617e+00
   3.1960232e+00
   8.2001807e+00
   4.7237192e+00
   3.0351092e+00
   2.6263616e+00
   6.9551099e+00
   4.2434409e+00
   4.8775487e+00
   3.8273517e+00
   3.2562098e+00
   3.8826738e+00
   5.5276185e+00
   3.6910247e+00
   3.8621239e+00
   3.2039809e+00
   4.4951431e+00
   2.8895100e+00
   3.8534603e+00
   5.9686885e+00
   5.1936095e+00
   8.4728052e+00
   3.4829283e+00
   2.8779199e+00
   3.2606058e+00
   6.6562417e+00
   4.7401999e+00
   3.0783251e+00
   5.6404852e+00
   5.3935462e+00
   4.9693542e+00
   3.4327587e+00
   3.6637587e+00
   4.7582961e+00
   3.9517443e+00
   2.7198386e+00
   3.4113647e+00
   2.5388531e+00
   3.6681002e+00
   4.4738491e+00
   1.8307930e+00
   4.4086281e+00
   5.3787718e+00
   3.5962384e+00
   3.8526342e+00
   2.3364534e+00
   3.0570539e+00
   1.5399379e+00
   2.0521305e+00
   3.1905407e+00
   3.7530271e+00
   4.1232185e+00
   4.2959990e+00
   4.7371771e+00
   3.2581643e+00
   3.7893217e+00
   4.6585800e+00
   4.3850998e+00
   2.1282739e+00
   5.7968935e+00
   5.6322964e+00
   4.8876535e+00
   1.5907745e+00
   1.6096715e+00
   3.4178901e+00
   4.7512669e+00
   5.8133433e+00
   4.7307894e+00
   2.8056734e+00
   5.1014720e+00
   2.5582125e+00
   4.6729068e+00
   3.4290476e+00
   3.8563503e+00
   6.3503291e+00
   4.9584529e+00
   6.2281011e+00
   3.3973396e+00
   1.6755576e+00
   4.4806031e+00
   1.8255696e+00
   5.7759899e+00
   3.2664579e+00
   4.4395662e+00
   3.4062289e+00
   6.3635983e+00
   5.7347866e+00
   6.1857927e+00
   4.6352904e+00
   3.8110996e+00
   2.7361741e+00
   4.5907840e+00
   4.3070988e+00
   6.6130625e+00
   3.5784922e+00
   3.4678160e+00
   2.9944598e+00
   4.9779940e+00
   4.4492350e+00
   3.6156586e+00
   3.3282404e+00
   4.9533147e+00
   4.7169758e+00
   6.2500391e+00
   5.8545374e+00
   5.1936095e+00
   4.2053891e+00
   4.1397831e+00
   5.2049356e+00
   3.4188213e+00
   1.8729055e+00
   4.2197458e+00
   3.7142362e+00
   3.3056888e+00
   2.4002935e+00
   5.9269452e+00
   3.1153280e+00
   3.1275650e+00
   5.0184338e+00
   4.2193687e+00
   3.9347926e+00
   4.9639066e+00
   3.9485210e+00
   5.6618891e+00
