   2.3325000e+00
   5.6175000e+00
   2.0772500e+01
   9.8900000e+00
   1.5442500e+01
   1.2282500e+01
   5.2475000e+00
   8.8025000e+00
   7.3775000e+00
   1.7745000e+01
   5.4950000e+00
   2.0962500e+01
   1.4422500e+01
   7.2825000e+00
   4.1300000e+01
   3.1775000e+01
   1.3677500e+01
   3.4237500e+01
   2.2677500e+01
   3.9300000e+00
   1.0537500e+01
   2.1572500e+01
   5.1400000e+00
   9.6250000e+00
   1.8050000e+01
   1.8907500e+01
   2.8765000e+01
   2.0610000e+01
   1.4397500e+01
   6.0525000e+00
   1.3600000e+01
   7.6750000e+00
   1.8437500e+01
   1.0110000e+01
   1.3912500e+01
   1.4760000e+01
   9.2775000e+00
   1.0152500e+01
   2.0482500e+01
   4.8157500e+01
   1.0625000e+00
   1.0435000e+01
   5.7875000e+00
   2.5450000e+00
   4.2675000e+00
   7.0150000e+00
   1.1050000e+01
   9.4700000e+00
   9.5350000e+00
   1.6880000e+01
   1.3525000e+01
   8.3500000e+00
   1.5590000e+01
   1.1312500e+01
   1.5280000e+01
   2.8992500e+01
   3.0147500e+01
   2.6392500e+01
   8.2725000e+00
   3.1125000e+00
   1.2292500e+01
   8.7475000e+00
   5.2950000e+00
   4.6827500e+01
   1.1202500e+01
   2.9500000e+00
   3.9970000e+01
   9.6675000e+00
   6.3950000e+00
   1.3202500e+01
   1.4900000e+01
   3.9525000e+00
   2.2057500e+01
   8.0375000e+00
   2.3822500e+01
   6.5800000e+00
   5.1062500e+01
   4.5475000e+00
   4.2175000e+00
   8.2525000e+00
   8.3650000e+00
   1.5485000e+01
   2.2412500e+01
   5.4885000e+01
   7.6900000e+00
   3.4500000e+00
   1.5100000e+01
   1.6915000e+01
   7.7875000e+00
   2.0020000e+01
   2.8962500e+01
   1.8165000e+01
   2.0590000e+01
   1.2022500e+01
   1.7875000e+01
   1.7075000e+00
   8.4725000e+00
   2.0437500e+01
   1.7997500e+01
   1.0062500e+01
   3.2205000e+01
   4.1475000e+00
   2.2290000e+01
   6.8550000e+00
   7.8150000e+00
   1.9572500e+01
   1.0567500e+01
   2.1240000e+01
   2.9742500e+01
   1.0077500e+01
   9.2350000e+00
   2.5650000e+00
   1.3767500e+01
   1.9400000e+00
   1.1805000e+01
   1.2717500e+01
   1.3922500e+01
   7.0450000e+00
   1.0730000e+01
   2.2902500e+01
   6.9200000e+00
   4.1675000e+00
   1.1075000e+00
   4.7450000e+00
   2.6985000e+01
   7.0000000e+00
   1.2200000e+01
   1.2152500e+01
   5.8250000e+00
   9.7175000e+00
   2.4150000e+00
   2.2927500e+01
   9.7525000e+00
   1.4355000e+01
   9.1250000e+00
   2.4387500e+01
   1.6027500e+01
   3.1775000e+00
   7.6625000e+00
   5.7925000e+00
   8.1625000e+00
   1.3970000e+01
   1.4247500e+01
   1.7730000e+01
   9.0250000e+00
   4.1800000e+00
   5.2475000e+00
   2.4800000e+00
   2.0050000e+00
   7.4550000e+00
   2.0492500e+01
   1.2595000e+01
   1.6510000e+01
   7.0775000e+00
   2.8162500e+01
   3.4650000e+00
   3.5325000e+00
   3.0900000e+00
   2.5400000e+00
   1.6392500e+01
   3.8805000e+01
   1.3650000e+01
   7.7575000e+00
   6.8325000e+00
   4.4200000e+00
   5.4625000e+00
   1.4352500e+01
   7.5300000e+00
   4.7225000e+00
   1.5870000e+01
   7.8650000e+00
   1.0402500e+01
   1.0132500e+01
   2.9460000e+01
   1.3827500e+01
   2.7167500e+01
   7.3375000e+00
   7.0875000e+00
