   8.1700000e+00
   7.0300000e+00
   2.3715000e+01
   2.8030000e+01
   1.5540000e+01
   4.7042500e+01
   5.8275000e+00
   3.8100000e+00
   4.1330000e+01
   1.3772500e+01
   1.7732500e+01
   1.9640000e+01
   7.7400000e+00
   5.8675000e+00
   6.0725000e+00
   2.1010000e+01
   2.0327500e+01
   2.3900000e+00
   4.2287500e+01
   8.1925000e+00
   2.2987500e+01
   2.6067500e+01
   7.2500000e+00
   1.1217500e+01
   1.8955000e+01
   5.6375000e+00
   1.6657500e+01
   1.5660000e+01
   3.2215000e+01
   3.5500000e+00
   1.7257500e+01
   1.8660000e+01
   6.3650000e+00
   4.3550000e+00
   2.6010000e+01
   2.8625000e+01
   1.4290000e+01
