   3.6659301e+00
   3.2351243e+00
   3.1885448e+00
   4.8657876e+00
   2.9462367e+00
   3.7716401e+00
   6.8861182e+00
   4.6376933e+00
   4.0801479e+00
   2.8867547e+00
   3.9537575e+00
   2.4984109e+00
   1.5522905e+00
   5.0130395e+00
   4.4774051e+00
   2.7128075e+00
   5.7690971e+00
   1.4679775e+00
   3.7939390e+00
   5.2487828e+00
   4.0836571e+00
   1.8203313e+00
   2.1117579e+00
   1.7823391e+00
   2.1807223e+00
   2.8299606e+00
   2.9971161e+00
   2.1799923e+00
   4.7592995e+00
   3.1382332e+00
   3.7296303e+00
   1.3945872e+00
   2.5098511e+00
   2.8911620e+00
   6.8201630e+00
   3.2178596e+00
   4.5015117e+00
   3.8810339e+00
   2.4279825e+00
   3.5052477e+00
   3.1780454e+00
   4.5674971e+00
   3.6663642e+00
   3.8202759e+00
   4.4727817e+00
   4.8824407e+00
   9.3565361e+00
   2.3843269e+00
   4.6049761e+00
   5.2862487e+00
   5.5551907e+00
   5.1520735e+00
   4.5475920e+00
   1.4679775e+00
   3.7922606e+00
   3.4225435e+00
   8.0243945e+00
   6.4901423e+00
   5.4572038e+00
   4.1166514e+00
   2.5149190e+00
   4.8638247e+00
   4.6418096e+00
