   1.0477500e+01
   4.8922500e+01
   3.6975000e+00
   3.8170000e+01
   3.8150000e+00
   4.6820000e+01
   1.3310000e+01
   1.4275000e+01
   5.8300000e+00
   6.2700000e+00
   9.5187500e+01
   1.1372500e+01
   9.3150000e+00
   9.5725000e+00
   2.3000000e+00
   7.1585000e+01
   4.4290000e+01
   1.3160000e+01
   8.7625000e+00
   2.2637500e+01
   1.2765000e+01
   5.7300000e+00
   2.7337500e+01
   2.1925000e+01
   5.9660000e+01
   7.1225000e+00
   3.6172500e+01
   4.1075000e+00
   2.6935000e+01
   2.6125000e+00
   6.8700000e+00
   6.7250000e-01
   2.7480000e+01
   1.6672500e+01
   2.6550000e+00
   2.3035000e+01
   3.1767500e+01
   1.8090000e+01
