   4.3725000e+00
   1.6322500e+01
   1.5000000e+01
   3.6760000e+01
   2.9837500e+01
   1.6447500e+01
   2.9565000e+01
   1.5677500e+01
   2.9955000e+01
   2.4122500e+01
   1.6370000e+01
   7.0222500e+01
   1.6042500e+01
   1.4635000e+01
   1.7265000e+01
   9.0000000e+00
   3.2137500e+01
   1.7200000e+01
   1.3355000e+01
   1.7660000e+01
   1.3585000e+01
   1.4935000e+01
   2.1437500e+01
   2.5115000e+01
   1.4477500e+01
   1.8035000e+01
   1.3940000e+01
   2.1345000e+01
   1.1930000e+01
   2.7900000e+01
   1.2290000e+01
   7.4300000e+00
   1.1532500e+01
   5.2675000e+00
   8.9375000e+00
   1.6410000e+01
   2.6375000e+00
   1.0012500e+01
   6.0850000e+00
   3.5662500e+01
   2.5075000e+01
   4.6050000e+00
   1.7060000e+01
   9.2125000e+00
   2.2402500e+01
   1.2935000e+01
   3.4067500e+01
   4.5475000e+00
   2.1825000e+01
   1.9370000e+01
   2.3045000e+01
   9.1675000e+00
   1.1562500e+01
   1.3412500e+01
   2.8350000e+00
   6.2700000e+00
   2.4115000e+01
   3.6292500e+01
   1.5470000e+01
   2.5680000e+01
   7.9000000e+00
   9.1600000e+00
   3.1100000e+00
   1.6747500e+01
   8.8375000e+00
   5.3550000e+00
   3.4307500e+01
   8.6950000e+00
   6.7650000e+00
   2.2025000e+00
   2.3325000e+00
   2.4475000e+00
   2.2250000e+00
   6.6225000e+00
   2.2812500e+01
   8.2852500e+01
   7.4550000e+00
   1.4945000e+01
   8.4050000e+00
   5.1550000e+00
   2.0540000e+01
   2.2450000e+01
   1.4840000e+01
   3.2650000e+00
   1.1515000e+01
   1.2557500e+01
   1.4535000e+01
   6.8850000e+00
   1.0442500e+01
   1.4430000e+01
   2.1895000e+01
   1.0362500e+01
   8.3450000e+00
   5.3550000e+00
   2.4677500e+01
   7.5050000e+00
   1.5142500e+01
   7.3325000e+00
   1.3892500e+01
   1.0347500e+01
   8.9975000e+00
   1.6815000e+01
   4.4525000e+00
   1.5587500e+01
   1.4047500e+01
   7.7150000e+00
   2.7360000e+01
   5.1375000e+00
   1.3152500e+01
   2.6527500e+01
   4.7075000e+00
   4.2250000e+00
   2.3240000e+01
   2.7742500e+01
   1.1242500e+01
   1.3010000e+01
   2.2272500e+01
   1.1652500e+01
   1.0360000e+01
   6.1925000e+00
   1.5385000e+01
   2.1972500e+01
   9.7925000e+00
   1.2815000e+01
   6.5925000e+00
   2.2440000e+01
   1.0705000e+01
   1.5075000e+01
   1.9572500e+01
   4.0800000e+00
   1.6750000e+01
   7.4300000e+00
   7.2475000e+00
   1.0660000e+01
   3.3007500e+01
   2.5400000e+01
   1.1815000e+01
   9.4500000e+00
   6.2475000e+00
   2.0692500e+01
   7.6700000e+00
   8.3375000e+00
   2.3305000e+01
   5.2625000e+00
   1.8397500e+01
   1.6502500e+01
   1.8947500e+01
   2.3120000e+01
   5.1275000e+00
   6.9105000e+01
   9.0350000e+00
   4.2222500e+01
   1.8032500e+01
   2.9532500e+01
   7.5075000e+00
   1.0935000e+01
   2.0462500e+01
   1.2240000e+01
   6.8725000e+00
   8.5500000e+00
   1.1235000e+01
   4.9700000e+00
   7.1550000e+00
   1.8790000e+01
   6.0450000e+00
   5.7825000e+00
   1.6350000e+01
   1.0925000e+01
