   6.2224766e+00
   4.5025722e+00
   3.7377294e+00
   2.2630966e+00
   3.7682627e+00
   3.5669099e+00
   7.3734204e+00
   5.9907796e+00
   4.6551624e+00
   4.0476425e+00
   4.7314622e+00
   4.9513864e+00
   4.5304107e+00
   4.4763386e+00
   4.3155894e+00
   2.1305161e+00
   3.8148562e+00
   4.0964982e+00
   5.4676928e+00
   4.4727817e+00
   1.9232163e+00
   7.3906682e+00
   4.6841328e+00
   5.2928681e+00
   4.6803938e+00
   3.3153040e+00
   4.8843962e+00
   3.5966809e+00
   6.4295338e+00
   6.0119953e+00
   1.8446497e+00
   4.6800538e+00
   6.0691696e+00
   4.8091991e+00
   2.5903614e+00
   5.2275141e+00
   4.9735160e+00
   5.9218409e+00
   5.1671881e+00
   6.5732324e+00
   3.2203317e+00
   8.5110388e+00
   4.5022187e+00
   3.9886248e+00
   6.5666917e+00
   6.3848216e+00
   5.1896242e+00
   4.6263546e+00
   2.1872809e+00
   3.4062289e+00
   2.7965825e+00
   3.2469098e+00
   5.6365335e+00
   4.9952289e+00
   9.8775079e+00
   2.9109121e+00
   2.8299606e+00
   3.1306168e+00
   9.0192724e+00
   4.3240632e+00
   5.5974317e+00
   5.5609177e+00
   8.0037407e+00
   6.5616000e+00
   4.1985714e+00
   5.9172703e-01
   6.0741501e+00
   2.9912691e+00
   1.7715912e+00
   3.5314843e+00
