   1.3147500e+01
   6.7700000e+00
   3.6775000e+00
   1.5485000e+01
   1.4135000e+01
   5.5175000e+00
   2.6640000e+01
   1.1742500e+01
   2.7962500e+01
   1.6572500e+01
   2.2800000e+01
   4.8150000e+00
   1.0065000e+01
   2.8077500e+01
   1.6820000e+01
   5.0760000e+01
   1.9195000e+01
   3.2132500e+01
   2.2500000e+01
   1.8047500e+01
   1.9327500e+01
   2.3575000e+01
   2.3207500e+01
   6.4675000e+00
   7.7575000e+00
   1.5575000e+01
   3.9350000e+01
   1.8845000e+01
   3.8000000e+00
   1.4465000e+01
   2.3475000e+01
   7.8800000e+00
   3.7575000e+00
   2.6112500e+01
   8.0225000e+00
   5.2812500e+01
   1.7525000e+01
   7.2350000e+00
   5.4175000e+00
   3.7992500e+01
   1.4142500e+01
   1.8685000e+01
   1.1505000e+01
   8.3275000e+00
   1.1840000e+01
   2.3997500e+01
   1.0700000e+01
   1.1715000e+01
   8.0625000e+00
   1.5870000e+01
   6.5575000e+00
   1.1662500e+01
   2.7980000e+01
   2.1185000e+01
   5.6382500e+01
   9.5275000e+00
   6.5050000e+00
   8.3500000e+00
   3.4797500e+01
   1.7647500e+01
   7.4425000e+00
   2.4987500e+01
   2.2847500e+01
   1.9395000e+01
   9.2550000e+00
   1.0542500e+01
   1.7782500e+01
   1.2265000e+01
   5.8100000e+00
   9.1400000e+00
   5.0625000e+00
   1.0567500e+01
   1.5720000e+01
   2.6325000e+00
   1.5265000e+01
   2.2722500e+01
   1.0157500e+01
   1.1657500e+01
   4.2875000e+00
   7.3400000e+00
   1.8625000e+00
   3.3075000e+00
   7.9950000e+00
   1.1062500e+01
   1.3352500e+01
   1.4495000e+01
   1.7625000e+01
   8.3375000e+00
   1.1277500e+01
   1.7045000e+01
   1.5102500e+01
   3.5575000e+00
   2.6392500e+01
   2.4915000e+01
   1.8762500e+01
   1.9875000e+00
   2.0350000e+00
   9.1750000e+00
   1.7730000e+01
   2.6542500e+01
   1.7577500e+01
   6.1825000e+00
   2.0440000e+01
   5.1400000e+00
   1.7150000e+01
   9.2350000e+00
   1.1680000e+01
   3.1672500e+01
   1.9310000e+01
   3.0465000e+01
   9.0650000e+00
   2.2050000e+00
   1.5767500e+01
   2.6175000e+00
   2.6202500e+01
   8.3800000e+00
   1.5480000e+01
   9.1125000e+00
   3.1805000e+01
   2.5830000e+01
   3.0052500e+01
   1.6875000e+01
   1.1407500e+01
   5.8800000e+00
   1.6552500e+01
   1.4570000e+01
   3.4347500e+01
   1.0057500e+01
   9.4450000e+00
   7.0425000e+00
   1.9462500e+01
   1.5547500e+01
   1.0267500e+01
   8.7000000e+00
   1.9270000e+01
   1.7475000e+01
   3.0680000e+01
   2.6920000e+01
   2.1185000e+01
   1.3890000e+01
   1.3460000e+01
   2.1277500e+01
   9.1800000e+00
   2.7550000e+00
   1.3985000e+01
   1.0835000e+01
   8.5825000e+00
   4.5250000e+00
   2.7590000e+01
   7.6225000e+00
   7.6825000e+00
   1.9780000e+01
   1.3982500e+01
   1.2160000e+01
   1.9352500e+01
   1.2245000e+01
   2.5177500e+01
