   1.7233198e+00
   2.6744015e+00
   5.1427977e+00
   3.5485686e+00
   4.4341856e+00
   3.9545625e+00
   2.5848258e+00
   3.3477890e+00
   3.0648531e+00
   4.7532763e+00
   2.6450806e+00
   5.1662640e+00
   4.2852418e+00
   3.0450562e+00
   7.2515373e+00
   6.3605964e+00
   4.1730964e+00
   6.6024646e+00
   5.3734430e+00
   2.2369245e+00
   3.6628898e+00
   5.2408931e+00
   2.5582125e+00
   3.5007043e+00
   4.7939518e+00
   4.9065035e+00
   6.0518374e+00
   5.1226426e+00
   4.2815262e+00
   2.7760192e+00
   4.1612568e+00
   3.1260380e+00
   4.8451372e+00
   3.5878199e+00
   4.2087938e+00
   4.3350912e+00
   3.4369288e+00
   3.5953532e+00
   5.1067729e+00
   7.8304555e+00
   1.1631066e+00
   3.6450315e+00
   2.7145670e+00
   1.8001096e+00
   2.3309976e+00
   2.9886076e+00
   3.7509062e+00
   3.4724024e+00
   3.4842989e+00
   4.6359771e+00
   4.1497668e+00
   3.2606058e+00
   4.4553119e+00
   3.7951973e+00
   4.4107936e+00
   6.0757220e+00
   6.1955621e+00
   5.7968935e+00
   3.2454390e+00
   1.9907180e+00
   3.9561720e+00
   3.3373137e+00
   2.5964983e+00
   7.7215688e+00
   3.7767004e+00
   1.9380549e+00
   7.1338198e+00
   3.5084246e+00
   2.8534833e+00
   4.0999933e+00
   4.3556020e+00
   2.2433188e+00
   5.2994793e+00
   3.1990097e+00
   5.5074267e+00
   2.8944630e+00
   8.0631752e+00
   2.4062537e+00
   2.3173018e+00
   3.2415134e+00
   3.2635332e+00
   4.4402831e+00
   5.3419548e+00
   8.3595306e+00
   3.1290913e+00
   2.0958713e+00
   4.3847368e+00
   4.6407809e+00
   3.1488653e+00
   5.0487875e+00
   6.0725777e+00
   4.8091991e+00
   5.1201565e+00
   3.9124829e+00
   4.7706558e+00
   1.4744682e+00
   3.2844363e+00
   5.1011600e+00
   4.7869749e+00
   3.5793816e+00
   6.4034896e+00
   2.2979906e+00
   5.3273361e+00
   2.9543285e+00
   3.1544202e+00
   4.9920418e+00
   3.6681002e+00
   5.2003469e+00
   6.1538059e+00
   3.5820485e+00
   3.4290476e+00
   1.8071689e+00
   4.1868037e+00
   1.5716503e+00
   3.8769309e+00
   4.0239811e+00
   4.2103061e+00
   2.9949913e+00
   3.6961954e+00
   5.4000341e+00
   2.9683021e+00
   2.3035246e+00
   1.1874817e+00
   2.4579507e+00
   5.8616012e+00
   2.9854107e+00
   3.9412590e+00
   3.9335790e+00
   2.7233473e+00
   3.5174856e+00
   1.7535317e+00
   5.4029806e+00
   3.5238145e+00
   4.2752022e+00
   3.4085643e+00
   5.5723540e+00
   4.5173938e+00
   2.0113972e+00
   3.1234913e+00
   2.7157393e+00
   3.2237894e+00
   4.2174822e+00
   4.2591643e+00
   4.7512669e+00
   3.3898358e+00
   2.3069767e+00
   2.5848258e+00
   1.7769733e+00
   1.5977626e+00
   3.0809091e+00
   5.1080193e+00
   4.0045539e+00
   4.5848866e+00
   3.0018915e+00
   5.9881223e+00
   2.1004226e+00
   2.1207826e+00
   1.9835096e+00
   1.7983405e+00
   4.5685424e+00
   7.0290867e+00
   4.1688991e+00
   3.1427943e+00
   2.9494761e+00
   2.3722813e+00
   2.6372469e+00
   4.2748299e+00
   3.0963678e+00
   2.4521162e+00
   4.4951431e+00
   3.1644951e+00
   3.6393508e+00
   3.5918101e+00
   6.1245112e+00
   4.1959170e+00
   5.8813889e+00
   3.0565332e+00
   3.0040115e+00
