   3.2252701e+00
   2.9918011e+00
   5.4949864e+00
   5.9740191e+00
   4.4481617e+00
   7.7392746e+00
   2.7239316e+00
   2.2025083e+00
   7.2541706e+00
   4.1875639e+00
   4.7516019e+00
   5.0006424e+00
   3.1392474e+00
   2.7332642e+00
   2.7806019e+00
   5.1721140e+00
   5.0874136e+00
   1.7444319e+00
   7.3377188e+00
   3.2297082e+00
   5.4100457e+00
   5.7610912e+00
   3.0382539e+00
   3.7792280e+00
   4.9126628e+00
   2.6791581e+00
   4.6053217e+00
   4.4653030e+00
   6.4044837e+00
   2.1260293e+00
   4.6875294e+00
   4.8742846e+00
   2.8467823e+00
   2.3547735e+00
   5.7547338e+00
   6.0370922e+00
   4.2655121e+00
