   1.0555000e+01
   8.2200000e+00
   7.9850000e+00
   1.8595000e+01
   6.8175000e+00
   1.1172500e+01
   3.7242500e+01
   1.6892500e+01
   1.3075000e+01
   6.5450000e+00
   1.2277500e+01
   4.9025000e+00
   1.8925000e+00
   1.9737500e+01
   1.5745000e+01
   5.7800000e+00
   2.6140000e+01
   1.6925000e+00
   1.1305000e+01
   2.1637500e+01
   1.3097500e+01
   2.6025000e+00
   3.5025000e+00
   2.4950000e+00
   3.7350000e+00
   6.2900000e+00
   7.0550000e+00
   3.7325000e+00
   1.7790000e+01
   7.7350000e+00
   1.0925000e+01
   1.5275000e+00
   4.9475000e+00
   6.5650000e+00
   3.6532500e+01
   8.1325000e+00
   1.5915000e+01
   1.1830000e+01
   4.6300000e+00
   9.6500000e+00
   7.9325000e+00
   1.6385000e+01
   1.0557500e+01
   1.1462500e+01
   1.5712500e+01
   1.8722500e+01
   6.8757500e+01
   4.4650000e+00
   1.6655000e+01
   2.1947500e+01
   2.4237500e+01
   2.0847500e+01
   1.6242500e+01
   1.6925000e+00
   1.1295000e+01
   9.2000000e+00
   5.0572500e+01
   3.3082500e+01
   2.3390000e+01
   1.3310000e+01
   4.9675000e+00
   1.8580000e+01
   1.6922500e+01
