   3.6524468e+00
   7.8924053e+00
   2.1697473e+00
   6.9713380e+00
   2.2039530e+00
   7.7209504e+00
   4.1166514e+00
   4.2632727e+00
   2.7245158e+00
   2.8254578e+00
   1.1008928e+01
   3.8052486e+00
   3.4438679e+00
   3.4911439e+00
   1.7112717e+00
   9.5469813e+00
   7.5094460e+00
   4.0933889e+00
   3.3401739e+00
   5.3687019e+00
   4.0314889e+00
   2.7010484e+00
   5.8997615e+00
   5.2835383e+00
   8.7155878e+00
   3.0114197e+00
   6.7864761e+00
   2.2868825e+00
   5.8561683e+00
   1.8238252e+00
   2.9575591e+00
   9.2533972e-01
   5.9151181e+00
   4.6073947e+00
   1.8386003e+00
   5.4156323e+00
   6.3598457e+00
   4.7992607e+00
