   2.4280000e+01
   4.9150000e+00
   1.8647500e+01
   7.5975000e+00
   9.3500000e+00
   1.9000000e+00
   1.0910000e+01
   2.9790000e+01
   2.4782500e+01
   6.9550000e+00
   1.5700000e+00
   4.5825000e+00
   4.2700000e+00
   2.4935000e+01
   8.8525000e+00
   8.2875000e+00
   8.8350000e+00
   5.5500000e+00
   1.2845000e+01
   3.6200000e+00
   1.7235000e+01
   1.1017500e+01
   1.9885000e+01
   1.5175000e+01
   1.3967500e+01
   1.2887500e+01
   1.4810000e+01
   1.7292500e+01
   9.9475000e+00
   1.5295000e+01
   7.8275000e+00
   3.5005000e+01
   9.7900000e+00
   1.0697500e+01
   2.8925000e+00
   2.7395000e+01
   8.8025000e+00
   1.3057500e+01
   1.5300000e+00
   6.1925000e+00
   7.4025000e+00
   1.5402500e+01
   5.2225000e+00
   1.0425000e+01
   3.8302500e+01
   2.7125000e+00
   1.0500000e+00
   1.3675000e+00
   7.0850000e+00
   2.5750000e+00
