   1.2250000e-01
   1.7300000e+01
   3.9925000e+00
   3.5760000e+01
   7.2175000e+00
   7.6125000e+00
   8.5050000e+00
   3.6375000e+00
   3.1075000e+00
   1.3730000e+01
   2.9280000e+01
   3.9205000e+01
   7.9435000e+01
   4.4065000e+01
   8.2075000e+00
   2.6575000e+00
   1.8250000e+01
   1.1877500e+01
   4.7300000e+00
   8.8175000e+00
   6.3190000e+01
   3.0835000e+01
   2.8632500e+01
   1.5400000e+01
   1.2137500e+01
   2.9505000e+01
   7.4550000e+00
   6.4425000e+00
   1.7500000e+01
   9.6250000e+00
   4.8425000e+00
   6.7875000e+00
   1.2635000e+01
   1.8425000e+01
   1.5905000e+01
   9.3075000e+00
   5.3425000e+00
   2.7200000e+00
   1.9300000e+00
   3.1710000e+01
   2.1250000e+00
   5.2050000e+00
   3.4730000e+01
   1.1880000e+01
   6.4000000e+00
   1.4692500e+01
   1.0452500e+01
   7.9550000e+00
   8.1400000e+00
   1.2827500e+01
   1.5365000e+01
   1.6882500e+01
   1.2595000e+01
   1.1737500e+01
   1.4207500e+01
   1.4820000e+01
   3.7100000e+00
   1.3020000e+01
   1.5725000e+00
   2.0797500e+01
   4.9955000e+01
   3.4350000e+00
   3.9775000e+00
   5.6175000e+00
   1.7917500e+01
   5.0437500e+01
   2.0045000e+01
   1.1067500e+01
   7.2675000e+00
   1.9225000e+01
   8.7675000e+00
   6.8325000e+00
   2.2700000e+00
   7.9225000e+00
   4.3062500e+01
   1.7425000e+00
   5.1550000e+00
   8.5097500e+01
   5.8050000e+00
   5.1275000e+00
   6.4150000e+00
   1.0190000e+01
   3.8475000e+00
   1.5740000e+01
   3.7425000e+00
   1.0362500e+01
   2.4447500e+01
   2.6477500e+01
   3.9762500e+01
   1.2680000e+01
   1.3232500e+01
   1.1700000e+00
   7.3050000e+00
   1.3462500e+01
   1.0987500e+01
   7.8425000e+00
   1.8025000e+01
   5.2872500e+01
   8.6925000e+00
   1.0992500e+01
   4.9375000e+00
   5.6400000e+00
   6.8950000e+00
   2.1505000e+01
   4.9825000e+00
   3.1635000e+01
   1.9422500e+01
   2.4347500e+01
   2.7225000e+00
   2.1475000e+00
   7.2925000e+00
   5.7200000e+00
   1.8815000e+01
   5.0175000e+00
   9.2475000e+00
   2.2307500e+01
   3.6750000e+00
   2.1700000e+00
   8.2650000e+00
   2.3625000e+00
   5.5675000e+00
   7.9550000e+00
   6.6100000e+00
   1.3432500e+01
   1.1675000e+01
   1.0305000e+01
   3.8625000e+00
   2.2800000e+00
   3.0150000e+00
   7.6150000e+00
   3.3100000e+00
   4.2650000e+00
   1.8675000e+00
   1.2950000e+01
   9.9575000e+00
   1.6152500e+01
   9.5345000e+01
   8.8675000e+00
   2.6830000e+01
   1.9847500e+01
   1.3465000e+01
   2.7900000e+00
   1.3892500e+01
   7.8125000e+00
   1.9585000e+01
   1.4575000e+00
   1.3325000e+01
   2.0312500e+01
   1.2947500e+01
   2.4797500e+01
   1.5812500e+01
   2.2177500e+01
   3.0662500e+01
   2.9435000e+01
   3.6025000e+00
   8.7775000e+00
   5.0525000e+00
   8.8725000e+00
   1.4475000e+01
   5.7725000e+00
   1.0645000e+01
   1.4695000e+01
   2.3457500e+01
   6.4775000e+00
   5.3375000e+00
   1.2107500e+01
