   2.3594999e+00
   4.5587775e+00
   4.3701937e+00
   6.8413658e+00
   6.1636260e+00
   4.5762001e+00
   6.1354158e+00
   4.4677973e+00
   6.1757502e+00
   5.5419961e+00
   4.5654059e+00
   9.4556895e+00
   4.5195072e+00
   4.3166956e+00
   4.6885478e+00
   3.3851375e+00
   6.3967754e+00
   4.6797137e+00
   4.1236045e+00
   4.7418784e+00
   4.1589613e+00
   4.3607147e+00
   5.2244687e+00
   5.6548573e+00
   4.2934049e+00
   4.7919594e+00
   4.2129514e+00
   5.2131850e+00
   3.8974027e+00
   5.9601496e+00
   3.9557697e+00
   3.0757389e+00
   3.8319232e+00
   2.5897470e+00
   3.3733631e+00
   4.5709803e+00
   1.8325308e+00
   3.5704777e+00
   2.7834623e+00
   6.7384646e+00
   5.6503523e+00
   2.4214186e+00
   4.6606294e+00
   3.4248678e+00
   5.3407630e+00
   4.0582451e+00
   6.5860525e+00
   2.4062537e+00
   5.2714754e+00
   4.9661504e+00
   5.4168077e+00
   3.4164929e+00
   3.8369040e+00
   4.1324721e+00
   1.8999037e+00
   2.8254578e+00
   5.5411345e+00
   6.7977236e+00
   4.4381320e+00
   5.7181108e+00
   3.1715284e+00
   3.4150951e+00
   1.9899183e+00
   4.6177461e+00
   3.3544380e+00
   2.6111679e+00
   6.6092107e+00
   3.3272839e+00
   2.9348706e+00
   1.6746074e+00
   1.7233198e+00
   1.7652914e+00
   1.6831393e+00
   2.9037956e+00
   5.3894134e+00
   1.0270885e+01
   3.0809091e+00
   4.3621743e+00
   3.2713267e+00
   2.5619426e+00
   5.1139359e+00
   5.3464220e+00
   4.3468235e+00
   2.0389034e+00
   3.8290147e+00
   3.9985879e+00
   4.3019225e+00
   2.9607861e+00
   3.6463412e+00
   4.2863559e+00
   5.2799223e+00
   3.6323470e+00
   3.2596294e+00
   2.6111679e+00
   5.6053875e+00
   3.0912235e+00
   4.3909031e+00
   3.0554916e+00
   4.2057675e+00
   3.6297171e+00
   3.3846673e+00
   4.6270426e+00
   2.3809870e+00
   4.4549547e+00
   4.2291645e+00
   3.1341734e+00
   5.9021889e+00
   2.5575903e+00
   4.0922223e+00
   5.8117004e+00
   2.4482188e+00
   2.3193614e+00
   5.4396771e+00
   5.9433028e+00
   3.7834370e+00
   4.0699934e+00
   5.3252444e+00
   3.8518079e+00
   3.6319088e+00
   2.8079416e+00
   4.4259225e+00
   5.2892585e+00
   3.5310336e+00
   4.0393768e+00
   2.8972110e+00
   5.3452311e+00
   3.6918870e+00
   4.3811056e+00
   4.9920418e+00
   2.2792142e+00
   4.6180908e+00
   3.0757389e+00
   3.0377300e+00
   3.6841191e+00
   6.4827814e+00
   5.6868519e+00
   3.8785726e+00
   3.4687337e+00
   2.8203837e+00
   5.1328851e+00
   3.1250196e+00
   3.2581643e+00
   5.4472789e+00
   2.5885175e+00
   4.8398786e+00
   4.5838451e+00
   4.9116908e+00
   5.4256150e+00
   2.5551000e+00
   9.3801503e+00
   3.3917133e+00
   7.3320772e+00
   4.7916273e+00
   6.1320426e+00
   3.0917383e+00
   3.7313368e+00
   5.1042790e+00
   3.9477148e+00
   2.9580972e+00
   3.2994239e+00
   3.7821748e+00
   2.5155517e+00
   3.0182824e+00
   4.8912341e+00
   2.7742987e+00
   2.7133941e+00
   4.5626162e+00
   3.7296303e+00
