   3.0410000e+01
   1.5922500e+01
   1.0972500e+01
   4.0225000e+00
   1.1152500e+01
   9.9925000e+00
   4.2700000e+01
   2.8187500e+01
   1.7020000e+01
   1.2867500e+01
   1.7582500e+01
   1.9255000e+01
   1.6120000e+01
   1.5737500e+01
   1.4627500e+01
   3.5650000e+00
   1.1430000e+01
   1.3180000e+01
   2.3480000e+01
   1.5712500e+01
   2.9050000e+00
   4.2900000e+01
   1.7232500e+01
   2.2002500e+01
   1.7205000e+01
   8.6325000e+00
   1.8737500e+01
   1.0160000e+01
   3.2467500e+01
   2.8387500e+01
   2.6725000e+00
   1.7202500e+01
   2.8930000e+01
   1.8165000e+01
   5.2700000e+00
   2.1462500e+01
   1.9427500e+01
   2.7542500e+01
   2.0970000e+01
   3.3935000e+01
   8.1450000e+00
   5.6892500e+01
   1.5920000e+01
   1.2495000e+01
   3.3867500e+01
   3.2017500e+01
   2.1152500e+01
   1.6810000e+01
   3.7575000e+00
   9.1125000e+00
   6.1425000e+00
   8.2800000e+00
   2.4952500e+01
   1.9597500e+01
   7.6627500e+01
   6.6550000e+00
   6.2900000e+00
   7.6975000e+00
   6.3890000e+01
   1.4685000e+01
   2.4607500e+01
   2.4287500e+01
   5.0312500e+01
   3.3815000e+01
   1.3845000e+01
   2.7500000e-01
   2.8977500e+01
   7.0275000e+00
   2.4650000e+00
   9.7950000e+00
