   3.9493271e-01
   4.6932978e+00
   2.2546416e+00
   6.7476697e+00
   3.0314364e+00
   3.1132838e+00
   3.2907298e+00
   2.1520708e+00
   1.9891184e+00
   4.1810978e+00
   6.1057722e+00
   7.0652216e+00
   1.0056828e+01
   7.4903472e+00
   3.2326635e+00
   1.8394657e+00
   4.8204379e+00
   3.8888176e+00
   2.4540626e+00
   3.3506402e+00
   8.9697272e+00
   6.2658073e+00
   6.0378830e+00
   4.4280796e+00
   3.9311506e+00
   6.1291870e+00
   3.0809091e+00
   2.8640611e+00
   4.7203487e+00
   3.5007043e+00
   2.4830752e+00
   2.9397472e+00
   4.0109078e+00
   4.8434945e+00
   4.5000972e+00
   3.4424812e+00
   2.6081185e+00
   1.8609706e+00
   1.5675944e+00
   6.3540873e+00
   1.6448812e+00
   2.5743372e+00
   6.6497827e+00
   3.8892269e+00
   2.8545986e+00
   4.3251673e+00
   3.6480867e+00
   3.1825494e+00
   3.2193431e+00
   4.0413463e+00
   4.4230448e+00
   4.6363204e+00
   4.0045539e+00
   3.8658310e+00
   4.2531813e+00
   4.3438934e+00
   2.1734118e+00
   4.0715573e+00
   1.4149803e+00
   5.1458915e+00
   7.9752543e+00
   2.0913101e+00
   2.2504023e+00
   2.6744015e+00
   4.7763239e+00
   8.0136770e+00
   5.0519389e+00
   3.7538752e+00
   3.0419185e+00
   4.9475277e+00
   3.3411267e+00
   2.9494761e+00
   1.7000746e+00
   3.1760416e+00
   7.4046524e+00
   1.4895032e+00
   2.5619426e+00
   1.0409107e+01
   2.7186680e+00
   2.5551000e+00
   2.8579419e+00
   3.6019871e+00
   2.2133208e+00
   4.4766941e+00
   2.1829107e+00
   3.6323470e+00
   5.5792046e+00
   5.8062208e+00
   7.1152784e+00
   4.0180440e+00
   4.1046489e+00
   1.2205287e+00
   3.0497565e+00
   4.1401676e+00
   3.7402833e+00
   3.1599654e+00
   4.7906307e+00
   8.2048375e+00
   3.3268055e+00
   3.7411343e+00
   2.5073134e+00
   2.6797520e+00
   2.9629355e+00
   5.2326873e+00
   2.5187132e+00
   6.3465686e+00
   4.9728759e+00
   5.5677823e+00
   1.8618256e+00
   1.6535664e+00
   3.0471461e+00
   2.6986905e+00
   4.8944869e+00
   2.5275441e+00
   3.4313675e+00
   5.3294269e+00
   2.1631355e+00
   1.6622063e+00
   3.2439675e+00
   1.7343669e+00
   2.6624728e+00
   3.1825494e+00
   2.9010538e+00
   4.1355520e+00
   3.8555248e+00
   3.6222553e+00
   2.2176311e+00
   1.7038152e+00
   1.9592900e+00
   3.1137950e+00
   2.0529060e+00
   2.3303147e+00
   1.5420035e+00
   4.0605975e+00
   3.5606576e+00
   4.5349754e+00
   1.1018032e+01
   3.3601267e+00
   5.8447427e+00
   5.0269893e+00
   4.1405520e+00
   1.8847648e+00
   4.2057675e+00
   3.1539157e+00
   4.9936356e+00
   1.3622579e+00
   4.1189704e+00
   5.0855362e+00
   4.0602055e+00
   5.6189997e+00
   4.4869923e+00
   5.3138752e+00
   6.2482564e+00
   6.1219120e+00
   2.1416922e+00
   3.3430316e+00
   2.5363444e+00
   3.3610739e+00
   4.2930342e+00
   2.7110469e+00
   3.6815262e+00
   4.3255352e+00
   5.4650724e+00
   2.8718303e+00
   2.6068978e+00
   3.9262893e+00
