   5.5600590e+00
   2.5015940e+00
   4.8726517e+00
   3.1102150e+00
   3.4503318e+00
   1.5553633e+00
   3.7270690e+00
   6.1587179e+00
   5.6173000e+00
   2.9757992e+00
   1.4138550e+00
   2.4154959e+00
   2.3316803e+00
   5.6345566e+00
   3.3572836e+00
   3.2483800e+00
   3.3539635e+00
   2.6582851e+00
   4.0441021e+00
   2.1468878e+00
   4.6844726e+00
   3.7453861e+00
   5.0317361e+00
   4.3956126e+00
   4.2171049e+00
   4.0507869e+00
   4.3424276e+00
   4.6922803e+00
   3.5588693e+00
   4.4129581e+00
   3.1569420e+00
   6.6760580e+00
   3.5305828e+00
   3.6905935e+00
   1.9190741e+00
   5.9059629e+00
   3.3477890e+00
   4.0774165e+00
   1.3957279e+00
   2.8079416e+00
   3.0700416e+00
   4.4284390e+00
   2.5786612e+00
   3.6432845e+00
   6.9834274e+00
   1.8584031e+00
   1.1562446e+00
   1.3195284e+00
   3.0034817e+00
   1.8106882e+00
