   2.8209479e-01
   7.0496612e+00
   3.5079710e+00
   3.9266947e+00
   2.2404792e+00
   5.6195662e+00
   4.9298032e+00
   2.6916042e+00
   1.7028808e+00
   4.2967399e-01
   5.6136155e-01
   3.4257971e+00
   4.7227083e+00
   4.5486418e-01
   1.7544391e+00
   4.1955377e+00
   2.8209479e-01
   4.1197431e+00
   2.4650630e+00
   3.9874276e+00
   2.3378154e+00
   7.7507822e+00
   6.1281482e+00
   3.4318313e-01
   3.1965211e+00
   3.0393014e+00
   1.4603685e+00
   3.9436812e+00
   7.5693976e-01
   4.0124947e+00
   5.1077077e+00
   3.0658915e+00
   2.9715175e+00
   5.2354240e+00
   4.7719901e+00
   1.5635280e+00
   2.6678473e+00
   2.4560074e+00
   5.1325750e+00
   4.1459298e-01
   4.1058119e+00
   5.0427945e+00
   3.9339836e+00
   4.3680081e+00
   2.0357787e+00
   3.1362040e+00
   1.5987584e+00
   6.9786397e-01
   3.0669296e+00
   3.3157840e+00
   3.9230451e+00
   3.1534110e+00
   3.8152734e+00
   4.4208853e+00
   2.5995613e+00
   2.6516910e+00
   7.4635267e-01
   1.0645108e+00
   5.4232678e+00
   4.4435079e+00
   3.8144390e+00
   3.8732344e+00
   2.5557228e+00
   3.7150931e+00
   6.2060854e-01
   4.0192321e+00
   1.4560027e+00
   2.7988580e+00
   6.3580937e-01
   1.4560027e+00
   2.5199766e+00
   6.1509603e+00
   3.3959339e+00
   3.2395489e+00
   5.5497446e+00
   4.2863559e+00
   3.9412590e+00
   5.0050962e+00
   3.4554021e+00
   3.4888637e+00
   8.7038930e-01
   4.8306622e+00
   1.0969099e+00
   3.9031156e+00
   4.4752718e+00
   1.0045110e+00
   4.6865107e-01
   5.4085745e+00
   4.4588828e+00
   4.8286850e+00
   4.6943150e+00
   4.1528339e+00
   2.5519836e+00
   5.0146267e-01
   4.1073622e-01
   2.9381225e+00
   4.1833811e+00
   5.1748827e+00
   4.9779940e+00
   4.3059901e+00
   3.4360026e+00
   5.2769071e+00
   1.8558321e+00
   1.9322978e+00
   5.1536178e+00
   4.6486620e+00
   3.3148239e+00
   3.3870176e+00
   3.7555707e+00
   4.4424332e-01
   1.1672045e+00
   4.4738491e+00
   3.4346127e+00
   3.5651246e+00
   2.6468851e+00
   4.1293899e+00
   2.7309340e+00
   5.3297255e+00
   8.5003732e-01
   3.8678889e-01
   2.2219330e+00
   4.6865107e+00
   3.2645084e+00
   3.3287185e+00
   3.9493271e-01
   1.2257335e+00
   3.6226947e+00
   3.0612159e+00
   2.1140177e+00
   4.1879440e+00
   7.8582516e-01
   3.8826738e+00
   7.5512935e+00
   1.7270100e+00
   3.0361578e+00
   2.0002888e+00
   2.9332433e+00
   2.7645290e+00
   4.8379051e+00
   4.6428381e+00
   3.9670191e+00
   1.8915082e+00
   2.3836593e+00
   3.1810488e+00
   4.1386296e+00
   4.6698405e+00
   3.7274960e+00
   4.3701937e-01
   2.3473270e+00
   3.2252701e+00
   2.9250931e+00
   4.8902578e+00
   5.7536274e-01
   4.8204379e-01
