   6.8171287e-01
   3.4318313e-01
   7.0692752e-01
   6.9328777e-01
   3.3851375e-01
   6.4079619e-01
   5.7536274e-01
   7.4635267e-01
   1.0494533e+00
   8.4062355e-01
   1.1198843e+00
   8.9384440e-01
   7.2251520e-01
   6.6277269e-01
   3.9894228e-01
   1.1589943e+00
   4.3336224e-01
   4.8533423e-01
   6.2571652e-01
   5.2624101e-01
   4.8204379e-01
   5.5566230e-01
   6.5065517e-01
   5.2925674e-01
   3.7424103e-01
   8.7403874e-01
   6.0765078e-01
   1.0202320e+00
   7.9987679e-01
   4.5486418e-01
   7.4848206e-01
   4.4424332e-01
   7.2909362e-01
   6.9557963e-01
   8.0186406e-01
   6.2571652e-01
   4.3336224e-01
   7.2030904e-01
   5.9708213e-01
   5.3820256e-01
   1.5543397e+00
   5.1708829e-01
   5.4408473e-01
   6.9557963e-01
   6.9786397e-01
   6.5795246e-01
   5.7812229e-01
   4.4064615e-01
   8.6304411e-01
   9.8692870e-01
   3.5233628e-01
   8.3301594e-01
   8.2918596e-01
   1.1901592e+00
   1.0983599e+00
   9.4069202e-01
   8.9384440e-01
   4.7539459e-01
   4.8533423e-01
   4.2595379e-01
   5.7258989e-01
   5.9708213e-01
   1.3669232e+00
   6.6755812e-01
   8.2340759e-01
   1.2565099e+00
   4.8533423e-01
   3.9088201e-01
   6.7881175e+00
   4.4781160e-01
   6.1286676e-01
   5.1058378e+00
   9.9655750e-01
   3.7846988e-01
   1.0124020e+00
   3.3377906e-01
   2.5854415e-01
   1.0600160e+00
   1.0326365e+00
   1.0264530e+00
   4.7203487e-01
   1.4172281e+00
   8.5563587e-01
   3.8683004e+00
   7.8784788e-01
   1.2087359e+00
   4.4064615e-01
   4.1459298e-01
   7.6113336e-01
   8.6119802e-01
   4.6445518e+00
   9.7066846e-01
   9.4743542e-01
   3.5860451e+00
   8.0779655e-01
   5.6136155e-01
   3.3827859e+00
   7.1587633e-01
   4.8860251e-01
   2.9854107e-01
   4.1459298e-01
   4.7203487e-01
   2.8768137e-01
   7.5272279e-01
   3.7163781e+00
   7.0692752e-01
   5.1058378e+00
   5.3523723e-01
   9.5078919e-01
   7.6322152e-01
   9.0446471e-01
   3.0330110e+00
   1.0202320e+00
   9.6738362e-01
   4.0291195e-01
   4.6376933e+00
   4.1073622e-01
   4.2595379e-01
   2.8834449e+00
   7.0467256e-01
   1.0171072e+00
   4.4947890e+00
   1.5867675e+00
   8.5749393e-01
   6.1803872e-01
   3.5682482e-01
   6.4290387e+00
   4.1470813e+00
   9.3389993e-01
   8.5190759e-01
   7.1587633e-01
   7.3344646e-01
   3.3851375e-01
   8.6488625e-01
   3.7846988e-01
   3.2410224e-01
   4.3701937e-01
   8.0582391e-01
   5.9441061e-01
   4.2423155e+00
   1.5481839e+00
   6.8171287e-01
   3.9894228e-01
   3.5233628e-01
   3.1412747e-01
   1.0998080e+00
   6.0003359e+00
   5.4408473e-01
   6.0502592e-01
   7.7151765e-01
   2.8445452e+00
   3.1382332e+00
   6.9328777e-01
   2.4082371e+00
   4.2220082e-01
   8.5377376e-01
   6.5309666e-01
   1.3231419e+00
   8.1891103e+00
   8.8848664e-01
   3.5161280e+00
   9.4406974e-01
   2.7760192e+00
   4.1073622e-01
   7.1587633e-01
   9.5413116e-01
   6.0238963e-01
   4.5834978e-01
   1.7352843e+00
   3.4778982e-01
   3.9075984e+00
   5.9974175e-01
   7.9388511e-01
   6.6516971e-01
   3.5682482e-01
   1.0029253e+00
   2.0208701e+00
   7.9582736e+00
   3.7086615e+00
   2.6050656e+00
   2.5557228e+00
   3.3851375e-01
   1.3134838e+00
   3.1670088e+00
   3.5682482e-01
   5.4115164e-01
   7.5903945e-01
   2.0435816e+00
   4.3621743e+00
   3.8830837e+00
   6.4327510e-01
   1.7796582e+00
   4.7203487e-01
   5.5279064e-01
   4.1841419e-01
   1.0045110e+00
   5.6806915e+00
   7.2690743e-01
   1.1534883e+00
   2.4875579e+00
   3.7317633e+00
   1.6859737e+00
   1.7876888e+00
   4.6407809e+00
   8.8489678e-01
   5.3225539e-01
   6.2825493e-01
   9.6902743e-01
   1.2828336e+00
   6.6993801e-01
   7.0241037e-01
   4.2227621e+00
   5.2326873e+00
   8.1172746e-01
   7.6322152e-01
   3.0413953e+00
   4.9507435e-01
   2.9310721e+00
   1.5337242e+00
   2.1147704e+00
   3.3080952e+00
   9.1843410e-01
   1.1410028e+00
   9.3899861e-01
   1.1901592e+00
   3.4778982e-01
   3.4183557e+00
   2.0326491e+00
   2.0958713e+00
   2.4082371e+00
   3.6248906e+00
   3.9802366e+00
   1.0555021e+00
   3.0471461e+00
   5.0777063e-01
   4.5486418e-01
   4.1073622e-01
   9.1322062e-01
   8.6672448e-01
   8.4251472e-01
   3.1770437e+00
   7.3344646e-01
   5.6773285e+00
   4.9184908e-01
   2.0090220e+00
   1.5594510e+00
   4.6922803e+00
   1.4527197e+00
   8.1368579e-01
   2.3350907e+00
   8.2147243e-01
   3.8678889e-01
   9.4238240e-01
   4.2261528e+00
   4.4940808e+00
   5.4647812e+00
   5.0146267e-01
   5.0999118e+00
   7.2030904e-01
   2.3989670e+00
   6.3078313e-01
   4.7873074e-01
   3.4567836e+00
   5.6136155e-01
   6.5048392e+00
   7.9400539e+00
   3.6125760e-01
   6.2352522e+00
   6.6993801e-01
   6.9328777e-01
   5.9708213e-01
   4.5486418e-01
   2.4247028e+00
   1.5316474e+00
   1.1255547e+00
   2.2496949e+00
   6.8171287e-01
   3.9894228e-01
   3.8678889e-01
   3.5373382e+00
   8.4251472e-01
   1.6526036e+00
   1.0524820e+00
   9.0622266e-01
   6.1545817e-01
   1.0029253e+00
   2.8209479e-01
   3.3377906e-01
   9.2877327e-01
   8.0582391e-01
   4.2220082e-01
   1.6669869e+00
   6.1286676e-01
   3.0798757e+00
   5.0777063e-01
   3.0679673e+00
   1.1055813e+00
   4.7749908e+00
   3.5233628e-01
   3.7424103e-01
   2.0248040e+00
   1.2153016e+00
   5.4038643e+00
   1.6888033e+00
   1.8325308e+00
   3.2385662e+00
   2.6209020e+00
   1.7652914e+00
   1.0403142e+00
   3.8073393e+00
   2.6916042e+00
   3.1122612e+00
   8.6304411e-01
   1.1283792e+00
   5.2015709e-01
   4.7873074e-01
   6.2060854e-01
   2.4592454e+00
   1.4428259e+00
   1.0155413e+00
   3.3234550e+00
   1.9601021e+00
   1.6067026e+00
   7.4848206e-01
   4.8533423e-01
   8.6488625e-01
   7.4848206e-01
   2.3527450e+00
   3.7424103e-01
   4.4563835e+00
   1.0734439e+00
   4.6524265e-01
   1.7407786e+00
   3.2897623e-01
   9.9495917e-01
   6.9786397e-01
   4.4424332e-01
   9.3730213e-01
   6.6516971e-01
   3.7863805e+00
   4.4424332e-01
