   3.6500000e-01
   9.2500000e-02
   3.9250000e-01
   3.7750000e-01
   9.0000000e-02
   3.2250000e-01
   2.6000000e-01
   4.3750000e-01
   8.6500000e-01
   5.5500000e-01
   9.8500000e-01
   6.2750000e-01
   4.1000000e-01
   3.4500000e-01
   1.2500000e-01
   1.0550000e+00
   1.4750000e-01
   1.8500000e-01
   3.0750000e-01
   2.1750000e-01
   1.8250000e-01
   2.4250000e-01
   3.3250000e-01
   2.2000000e-01
   1.1000000e-01
   6.0000000e-01
   2.9000000e-01
   8.1750000e-01
   5.0250000e-01
   1.6250000e-01
   4.4000000e-01
   1.5500000e-01
   4.1750000e-01
   3.8000000e-01
   5.0500000e-01
   3.0750000e-01
   1.4750000e-01
   4.0750000e-01
   2.8000000e-01
   2.2750000e-01
   1.8975000e+00
   2.1000000e-01
   2.3250000e-01
   3.8000000e-01
   3.8250000e-01
   3.4000000e-01
   2.6250000e-01
   1.5250000e-01
   5.8500000e-01
   7.6500000e-01
   9.7500000e-02
   5.4500000e-01
   5.4000000e-01
   1.1125000e+00
   9.4750000e-01
   6.9500000e-01
   6.2750000e-01
   1.7750000e-01
   1.8500000e-01
   1.4250000e-01
   2.5750000e-01
   2.8000000e-01
   1.4675000e+00
   3.5000000e-01
   5.3250000e-01
   1.2400000e+00
   1.8500000e-01
   1.2000000e-01
   3.6190000e+01
   1.5750000e-01
   2.9500000e-01
   2.0475000e+01
   7.8000000e-01
   1.1250000e-01
   8.0500000e-01
   8.7500000e-02
   5.2500000e-02
   8.8250000e-01
   8.3750000e-01
   8.2750000e-01
   1.7500000e-01
   1.5775000e+00
   5.7500000e-01
   1.1752500e+01
   4.8750000e-01
   1.1475000e+00
   1.5250000e-01
   1.3500000e-01
   4.5500000e-01
   5.8250000e-01
   1.6942500e+01
   7.4000000e-01
   7.0500000e-01
   1.0100000e+01
   5.1250000e-01
   2.4750000e-01
   8.9875000e+00
   4.0250000e-01
   1.8750000e-01
   7.0000000e-02
   1.3500000e-01
   1.7500000e-01
   6.5000000e-02
   4.4500000e-01
   1.0847500e+01
   3.9250000e-01
   2.0475000e+01
   2.2500000e-01
   7.1000000e-01
   4.5750000e-01
   6.4250000e-01
   7.2250000e+00
   8.1750000e-01
   7.3500000e-01
   1.2750000e-01
   1.6892500e+01
   1.3250000e-01
   1.4250000e-01
   6.5300000e+00
   3.9000000e-01
   8.1250000e-01
   1.5867500e+01
   1.9775000e+00
   5.7750000e-01
   3.0000000e-01
   1.0000000e-01
   3.2462500e+01
   1.3507500e+01
   6.8500000e-01
   5.7000000e-01
   4.0250000e-01
   4.2250000e-01
   9.0000000e-02
   5.8750000e-01
   1.1250000e-01
   8.2500000e-02
   1.5000000e-01
   5.1000000e-01
   2.7750000e-01
   1.4135000e+01
   1.8825000e+00
   3.6500000e-01
   1.2500000e-01
   9.7500000e-02
   7.7500000e-02
   9.5000000e-01
   2.8277500e+01
   2.3250000e-01
   2.8750000e-01
   4.6750000e-01
   6.3550000e+00
   7.7350000e+00
   3.7750000e-01
   4.5550000e+00
   1.4000000e-01
   5.7250000e-01
   3.3500000e-01
   1.3750000e+00
   5.2670000e+01
   6.2000000e-01
   9.7100000e+00
   7.0000000e-01
   6.0525000e+00
   1.3250000e-01
   4.0250000e-01
   7.1500000e-01
   2.8500000e-01
   1.6500000e-01
   2.3650000e+00
   9.5000000e-02
   1.1992500e+01
   2.8250000e-01
   4.9500000e-01
   3.4750000e-01
   1.0000000e-01
   7.9000000e-01
   3.2075000e+00
   4.9742500e+01
   1.0802500e+01
   5.3300000e+00
   5.1300000e+00
   9.0000000e-02
   1.3550000e+00
   7.8775000e+00
   1.0000000e-01
   2.3000000e-01
   4.5250000e-01
   3.2800000e+00
   1.4945000e+01
   1.1842500e+01
   3.2500000e-01
   2.4875000e+00
   1.7500000e-01
   2.4000000e-01
   1.3750000e-01
   7.9250000e-01
   2.5345000e+01
   4.1500000e-01
   1.0450000e+00
   4.8600000e+00
   1.0937500e+01
   2.2325000e+00
   2.5100000e+00
   1.6915000e+01
   6.1500000e-01
   2.2250000e-01
   3.1000000e-01
   7.3750000e-01
   1.2925000e+00
   3.5250000e-01
   3.8750000e-01
   1.4005000e+01
   2.1505000e+01
   5.1750000e-01
   4.5750000e-01
   7.2650000e+00
   1.9250000e-01
   6.7475000e+00
   1.8475000e+00
   3.5125000e+00
   8.5950000e+00
   6.6250000e-01
   1.0225000e+00
   6.9250000e-01
   1.1125000e+00
   9.5000000e-02
   9.1775000e+00
   3.2450000e+00
   3.4500000e+00
   4.5550000e+00
   1.0320000e+01
   1.2442500e+01
   8.7500000e-01
   7.2925000e+00
   2.0250000e-01
   1.6250000e-01
   1.3250000e-01
   6.5500000e-01
   5.9000000e-01
   5.5750000e-01
   7.9275000e+00
   4.2250000e-01
   2.5315000e+01
   1.9000000e-01
   3.1700000e+00
   1.9100000e+00
   1.7292500e+01
   1.6575000e+00
   5.2000000e-01
   4.2825000e+00
   5.3000000e-01
   1.1750000e-01
   6.9750000e-01
   1.4027500e+01
   1.5862500e+01
   2.3455000e+01
   1.9750000e-01
   2.0427500e+01
   4.0750000e-01
   4.5200000e+00
   3.1250000e-01
   1.8000000e-01
   9.3850000e+00
   2.4750000e-01
   3.3232500e+01
   4.9515000e+01
   1.0250000e-01
   3.0535000e+01
   3.5250000e-01
   3.7750000e-01
   2.8000000e-01
   1.6250000e-01
   4.6175000e+00
   1.8425000e+00
   9.9500000e-01
   3.9750000e+00
   3.6500000e-01
   1.2500000e-01
   1.1750000e-01
   9.8275000e+00
   5.5750000e-01
   2.1450000e+00
   8.7000000e-01
   6.4500000e-01
   2.9750000e-01
   7.9000000e-01
   6.2500000e-02
   8.7500000e-02
   6.7750000e-01
   5.1000000e-01
   1.4000000e-01
   2.1825000e+00
   2.9500000e-01
   7.4500000e+00
   2.0250000e-01
   7.3925000e+00
   9.6000000e-01
   1.7907500e+01
   9.7500000e-02
   1.1000000e-01
   3.2200000e+00
   1.1600000e+00
   2.2935000e+01
   2.2400000e+00
   2.6375000e+00
   8.2375000e+00
   5.3950000e+00
   2.4475000e+00
   8.5000000e-01
   1.1385000e+01
   5.6900000e+00
   7.6075000e+00
   5.8500000e-01
   1.0000000e+00
   2.1250000e-01
   1.8000000e-01
   3.0250000e-01
   4.7500000e+00
   1.6350000e+00
   8.1000000e-01
   8.6750000e+00
   3.0175000e+00
   2.0275000e+00
   4.4000000e-01
   1.8500000e-01
   5.8750000e-01
   4.4000000e-01
   4.3475000e+00
   1.1000000e-01
   1.5597500e+01
   9.0500000e-01
   1.7000000e-01
   2.3800000e+00
   8.5000000e-02
   7.7750000e-01
   3.8250000e-01
   1.5500000e-01
   6.9000000e-01
   3.4750000e-01
   1.1260000e+01
   1.5500000e-01
