   3.5800000e+00
   5.8000000e-01
   3.3250000e-01
   1.7250000e-01
   1.7500000e-01
   1.3575000e+00
   1.8750000e-01
   1.2500000e-01
   4.0500000e+00
   5.2200000e+00
   4.1000000e-01
   1.8825000e+00
   1.9000000e-01
   1.3625000e+00
   7.6000000e-01
   7.6475000e+00
   6.1000000e-01
   1.6875000e+00
   5.0750000e-01
   4.0500000e-01
   5.5900000e+00
   1.0350000e+00
   7.2500000e-01
   3.3325000e+00
   8.6950000e+00
   1.0075000e+00
   2.8250000e-01
   3.6750000e-01
   2.5000000e-01
   6.0700000e+00
   9.8000000e-01
   5.8000000e-01
   7.5750000e-01
   3.3000000e-01
   3.8500000e-01
   1.5650000e+01
   1.0400000e+01
   3.2000000e+00
   1.2250000e-01
   5.7250000e-01
   1.5750000e-01
   1.3750000e-01
   5.1225000e+00
   1.0790000e+01
   2.0000000e-01
   3.6250000e-01
   1.0500000e-01
   1.8340000e+01
   1.3035000e+01
   7.6500000e-01
   5.6800000e+00
   5.8500000e-01
   1.5000000e-01
   1.4200000e+00
   3.7600000e+00
   1.3525000e+00
   1.8075000e+00
   3.2150000e+00
   3.6500000e-01
   4.2250000e-01
   8.2150000e+00
   1.7250000e-01
   2.7650000e+00
   4.3250000e-01
   7.6250000e-01
   1.0450000e+00
   8.9750000e-01
   5.8750000e-01
   4.5525000e+00
   1.2750000e-01
   1.6160000e+01
   5.7750000e-01
   2.9000000e-01
   5.1900000e+00
   1.1790000e+01
   7.1000000e-01
   3.7750000e-01
   6.2150000e+00
   1.1210000e+01
   3.0175000e+00
   2.0000000e-01
   1.8557500e+01
   8.6525000e+00
   4.6750000e-01
   1.5650000e+00
   4.7500000e-01
   1.3367500e+01
   1.9050000e+00
   1.4760000e+01
   3.4000000e-01
   7.1825000e+00
   3.9500000e-01
   5.1000000e-01
   1.2825000e+01
   3.0550000e+00
   5.6575000e+00
   2.4425000e+00
   1.4350000e+00
   3.1735000e+01
   5.8175000e+00
   7.5375000e+00
   7.0175000e+00
   5.7700000e+00
   6.0525000e+00
   2.0000000e-01
   3.0650000e+01
   8.0675000e+00
   1.2750000e-01
   2.3290000e+01
   6.8200000e+00
   2.1250000e-01
   7.6250000e-01
   1.7000000e-01
   1.3967500e+01
   1.2675000e+00
   4.1750000e+00
   8.0000000e-01
   3.4675000e+00
   1.3552500e+01
   1.9125000e+00
   8.6500000e-01
   2.2500000e-01
   1.3280000e+01
   6.8400000e+00
   3.8425000e+00
   1.6250000e-01
   2.7750000e-01
   1.7242500e+01
   1.3100000e+01
   8.8150000e+00
   5.9425000e+00
   3.5750000e-01
   9.5000000e-02
   9.7200000e+00
   2.0525000e+00
   1.3500000e-01
   1.4882500e+01
   4.2175000e+00
   1.6750000e-01
   2.4000000e-01
   1.1712500e+01
   1.2292500e+01
   1.0000000e-01
   7.0750000e+00
   6.7500000e-02
   7.7175000e+00
   1.1237500e+01
   8.4750000e-01
   1.0015000e+01
   2.3150000e+00
   3.3250000e-01
   3.0750000e-01
   9.5250000e-01
   1.2217500e+01
   1.2075000e+00
   4.3000000e+00
   9.2500000e-01
   3.5775000e+00
   4.2250000e-01
   3.4150000e+00
   7.1300000e+00
   5.2875000e+00
   3.8500000e-01
   1.1915000e+01
   1.3930000e+01
   1.2225000e+00
   1.7542500e+01
   6.7000000e-01
   7.7425000e+00
   7.4750000e-01
   4.0575000e+00
   4.4550000e+00
   1.5175000e+00
   5.6900000e+00
   4.1500000e+00
   7.5775000e+00
   3.0050000e+00
   2.1850000e+00
   6.2300000e+00
   5.9000000e-01
   4.4750000e-01
   1.7375000e+00
   5.1750000e-01
   3.2900000e+00
   4.8250000e-01
   1.7552500e+01
   2.0925000e+00
   6.0425000e+00
   9.6275000e+00
   4.4750000e-01
   8.5750000e-01
   7.7225000e+00
   1.1240000e+01
   5.5675000e+00
   9.0000000e-02
   7.5425000e+00
   4.4250000e-01
   2.0925000e+01
   2.2765000e+01
   9.8150000e+00
   1.0000000e-01
   5.1400000e+00
   4.8575000e+00
   7.2500000e-02
   4.1650000e+00
   9.0475000e+00
   2.9200000e+00
   5.9250000e-01
   1.1500000e-01
   1.1085000e+01
   8.2375000e+00
   2.1850000e+00
   1.2800000e+00
   1.2525000e+00
   2.2317500e+01
   5.1900000e+00
   4.7350000e+00
   2.8750000e-01
   4.1250000e-01
   9.5250000e-01
   6.8450000e+00
   2.0750000e-01
   3.8350000e+00
   2.0750000e-01
   7.7750000e-01
   6.0025000e+00
   2.0520000e+01
   3.2825000e+00
   3.9500000e-01
   1.3475000e+00
   4.5800000e+00
   6.4500000e-01
   4.7500000e-02
   6.5425000e+00
   1.6352500e+01
   1.7175000e+00
   2.7975000e+00
   1.1350000e+01
   7.3700000e+00
   7.2500000e-02
   6.7025000e+00
   5.6400000e+00
   1.3900000e+01
   8.3500000e-01
   9.6925000e+00
   4.9250000e-01
   8.2500000e-01
   5.4500000e-01
   3.5275000e+00
   9.1375000e+00
   2.0150000e+00
   1.1907500e+01
   8.1875000e+00
   1.2250000e-01
   3.1850000e+00
   8.2750000e+00
   1.3425000e+00
   1.9550000e+00
   3.2750000e+00
   1.1132500e+01
   1.3265000e+01
   6.9375000e+00
   1.0700000e+00
   1.9975000e+00
   1.3187500e+01
   1.7925000e+00
   3.3350000e+00
   1.0500000e+01
   5.1975000e+00
   1.6250000e-01
   5.0025000e+00
   8.7500000e+00
   3.2325000e+00
   7.5000000e+00
   1.1750000e-01
   1.0925000e+01
   1.2190000e+01
   2.9450000e+00
   9.9250000e-01
   7.4050000e+00
   4.6500000e-01
   3.9100000e+00
   1.1125000e+00
   1.2000000e-01
   5.8875000e+00
   1.2350000e+01
   2.0825000e+00
   1.3385000e+01
   7.3350000e+00
   1.1437500e+01
   2.6325000e+00
   7.9975000e+00
   1.0582500e+01
   7.0850000e+00
   1.1390000e+01
   3.0100000e+00
   3.7000000e-01
   1.2695000e+01
   7.0000000e-01
   3.1850000e+00
   2.1625000e+00
   2.6250000e-01
   3.6475000e+00
   1.1375000e+00
   4.1550000e+00
   4.3350000e+00
   2.5825000e+00
   1.1250000e+00
   1.5425000e+00
   1.5080000e+01
   4.4200000e+00
   9.8775000e+00
   8.2500000e-01
   2.7050000e+00
   8.7575000e+00
   7.5925000e+00
   6.3050000e+00
   3.7250000e-01
   2.5025000e+00
   1.4500000e-01
   7.5450000e+00
   3.0050000e+00
   4.9550000e+00
   7.2250000e+00
   2.3475000e+00
   3.8300000e+00
   1.0750000e-01
   6.7350000e+00
   3.9750000e-01
   1.8250000e+00
   1.2327500e+01
   3.8125000e+00
   2.0675000e+00
   3.6075000e+00
   3.1375000e+00
   8.7425000e+00
   2.6000000e-01
   6.6100000e+00
   2.6525000e+00
   3.1125000e+00
   3.7250000e-01
   5.1975000e+00
   5.4550000e+00
   7.6300000e+00
   1.5600000e+00
   2.8500000e-01
   2.4675000e+00
   1.2127500e+01
   2.4595000e+01
   3.2975000e+00
   9.7000000e-01
   1.0500000e-01
   7.2775000e+00
   1.4200000e+00
   8.0250000e-01
   4.6000000e-01
   1.2000000e+00
   6.7175000e+00
   1.3500000e-01
   2.5525000e+00
   7.4500000e-01
   7.9725000e+00
   1.6250000e-01
   1.6500000e-01
   1.6500000e-01
   8.5750000e+00
   1.8750000e-01
   2.5550000e+00
   2.2250000e-01
   8.7500000e-02
   5.0400000e+00
   3.2750000e-01
   8.5000000e-02
   9.5000000e-02
