   6.2500000e-02
   3.9032500e+01
   9.6650000e+00
   1.2110000e+01
   3.9425000e+00
   2.4802500e+01
   1.9087500e+01
   5.6900000e+00
   2.2775000e+00
   1.4500000e-01
   2.4750000e-01
   9.2175000e+00
   1.7517500e+01
   1.6250000e-01
   2.4175000e+00
   1.3825000e+01
   6.2500000e-02
   1.3330000e+01
   4.7725000e+00
   1.2487500e+01
   4.2925000e+00
   4.7182500e+01
   2.9495000e+01
   9.2500000e-02
   8.0250000e+00
   7.2550000e+00
   1.6750000e+00
   1.2215000e+01
   4.5000000e-01
   1.2645000e+01
   2.0490000e+01
   7.3825000e+00
   6.9350000e+00
   2.1527500e+01
   1.7885000e+01
   1.9200000e+00
   5.5900000e+00
   4.7375000e+00
   2.0690000e+01
   1.3500000e-01
   1.3240000e+01
   1.9972500e+01
   1.2155000e+01
   1.4985000e+01
   3.2550000e+00
   7.7250000e+00
   2.0075000e+00
   3.8250000e-01
   7.3875000e+00
   8.6350000e+00
   1.2087500e+01
   7.8100000e+00
   1.1432500e+01
   1.5350000e+01
   5.3075000e+00
   5.5225000e+00
   4.3750000e-01
   8.9000000e-01
   2.3100000e+01
   1.5507500e+01
   1.1427500e+01
   1.1782500e+01
   5.1300000e+00
   1.0840000e+01
   3.0250000e-01
   1.2687500e+01
   1.6650000e+00
   6.1525000e+00
   3.1750000e-01
   1.6650000e+00
   4.9875000e+00
   2.9715000e+01
   9.0575000e+00
   8.2425000e+00
   2.4190000e+01
   1.4430000e+01
   1.2200000e+01
   1.9675000e+01
   9.3775000e+00
   9.5600000e+00
   5.9500000e-01
   1.8327500e+01
   9.4500000e-01
   1.1965000e+01
   1.5730000e+01
   7.9250000e-01
   1.7250000e-01
   2.2975000e+01
   1.5615000e+01
   1.8312500e+01
   1.7307500e+01
   1.3545000e+01
   5.1150000e+00
   1.9750000e-01
   1.3250000e-01
   6.7800000e+00
   1.3745000e+01
   2.1032500e+01
   1.9462500e+01
   1.4562500e+01
   9.2725000e+00
   2.1870000e+01
   2.7050000e+00
   2.9325000e+00
   2.0860000e+01
   1.6972500e+01
   8.6300000e+00
   9.0100000e+00
   1.1077500e+01
   1.5500000e-01
   1.0700000e+00
   1.5720000e+01
   9.2650000e+00
   9.9825000e+00
   5.5025000e+00
   1.3392500e+01
   5.8575000e+00
   2.2310000e+01
   5.6750000e-01
   1.1750000e-01
   3.8775000e+00
   1.7250000e+01
   8.3700000e+00
   8.7025000e+00
   1.2250000e-01
   1.1800000e+00
   1.0307500e+01
   7.3600000e+00
   3.5100000e+00
   1.3775000e+01
   4.8500000e-01
   1.1840000e+01
   4.4785000e+01
   2.3425000e+00
   7.2400000e+00
   3.1425000e+00
   6.7575000e+00
   6.0025000e+00
   1.8382500e+01
   1.6930000e+01
   1.2360000e+01
   2.8100000e+00
   4.4625000e+00
   7.9475000e+00
   1.3452500e+01
   1.7127500e+01
   1.0912500e+01
   1.5000000e-01
   4.3275000e+00
   8.1700000e+00
   6.7200000e+00
   1.8782500e+01
   2.6000000e-01
   1.8250000e-01
