   2.1349936e+00
   8.5934797e-01
   6.5065517e-01
   4.6865107e-01
   4.7203487e-01
   1.3146949e+00
   4.8860251e-01
   3.9894228e-01
   2.2708193e+00
   2.5780439e+00
   7.2251520e-01
   1.5481839e+00
   4.9184908e-01
   1.3171138e+00
   9.8369815e-01
   3.1204326e+00
   8.8129230e-01
   1.4658075e+00
   8.0384642e-01
   7.1809610e-01
   2.6678473e+00
   1.1479560e+00
   9.6078024e-01
   2.0598715e+00
   3.3272839e+00
   1.1326027e+00
   5.9974175e-01
   6.8404352e-01
   5.6418958e-01
   2.7800295e+00
   1.1170384e+00
   8.5934797e-01
   9.8207889e-01
   6.4820448e-01
   7.0014086e-01
   4.4638771e+00
   3.6389135e+00
   2.0185060e+00
   3.9493271e-01
   8.5377376e-01
   4.4781160e-01
   4.1841419e-01
   2.5538539e+00
   3.7065152e+00
   5.0462650e-01
   6.7937422e-01
   3.6563664e-01
   4.8323093e+00
   4.0739020e+00
   9.8692870e-01
   2.6892379e+00
   8.6304411e-01
   4.3701937e-01
   1.3446190e+00
   2.1880084e+00
   1.3122715e+00
   1.5170302e+00
   2.0232314e+00
   6.8171287e-01
   7.3344646e-01
   3.2341402e+00
   4.6865107e-01
   1.8763015e+00
   7.4207554e-01
   9.8531475e-01
   1.1534883e+00
   1.0689867e+00
   8.6488625e-01
   2.4075762e+00
   4.0291195e-01
   4.5360281e+00
   8.5749393e-01
   6.0765078e-01
   2.5706251e+00
   3.8744670e+00
   9.5078919e-01
   6.9328777e-01
   2.8130382e+00
   3.7779644e+00
   1.9601021e+00
   5.0462650e-01
   4.8608788e+00
   3.3191422e+00
   7.7151765e-01
   1.4116019e+00
   7.7768167e-01
   4.1255339e+00
   1.5574085e+00
   4.3350912e+00
   6.5795246e-01
   3.0240772e+00
   7.0917531e-01
   8.0582391e-01
   4.0409525e+00
   1.9722441e+00
   2.6839062e+00
   1.7634873e+00
   1.3517022e+00
   6.3565916e+00
   2.7215935e+00
   3.0979095e+00
   2.9891401e+00
   2.7104598e+00
   2.7760192e+00
   5.0462650e-01
   6.2469826e+00
   3.2049743e+00
   4.0291195e-01
   5.4455256e+00
   2.9467768e+00
   5.2015709e-01
   9.8531475e-01
   4.6524265e-01
   4.2171049e+00
   1.2703665e+00
   2.3055965e+00
   1.0092530e+00
   2.1011802e+00
   4.1539835e+00
   1.5604713e+00
   1.0494533e+00
   5.3523723e-01
   4.1120094e+00
   2.9510945e+00
   2.2118822e+00
   4.5486418e-01
   5.9441061e-01
   4.6854917e+00
   4.0840468e+00
   3.3501652e+00
   2.7506774e+00
   6.7467261e-01
   3.4778982e-01
   3.5179381e+00
   1.6165779e+00
   4.1459298e-01
   4.3530435e+00
   2.3173018e+00
   4.6180908e-01
   5.5279064e-01
   3.8617118e+00
   3.9561720e+00
   3.5682482e-01
   3.0013613e+00
   2.9316151e-01
   3.1346812e+00
   3.7825956e+00
   1.0387832e+00
   3.5709234e+00
   1.7168429e+00
   6.5065517e-01
   6.2571652e-01
   1.1012541e+00
   3.9440847e+00
   1.2399342e+00
   2.3398568e+00
   1.0852403e+00
   2.1342480e+00
   7.3344646e-01
   2.0852129e+00
   3.0130048e+00
   2.5946588e+00
   7.0014086e-01
   3.8949518e+00
   4.2114400e+00
   1.2476119e+00
   4.7260771e+00
   9.2361815e-01
   3.1397543e+00
   9.7557499e-01
   2.2729209e+00
   2.3816553e+00
   1.3900148e+00
   2.6916042e+00
   2.2986831e+00
   3.1061186e+00
   1.9560380e+00
   1.6679414e+00
   2.8164308e+00
   8.6672448e-01
   7.5483422e-01
   1.4873647e+00
   8.1172746e-01
   2.0466944e+00
   7.8379722e-01
   4.7274239e+00
   1.6322542e+00
   2.7737249e+00
   3.5011589e+00
   7.5483422e-01
   1.0448937e+00
   3.1356965e+00
   3.7830163e+00
   2.6624728e+00
   3.3851375e-01
   3.0989368e+00
   7.5060542e-01
   5.1616410e+00
   5.3837996e+00
   3.5350879e+00
   3.5682482e-01
   2.5582125e+00
   2.4869180e+00
   3.0382539e-01
   2.3028336e+00
   3.3940587e+00
   1.9281752e+00
   8.6855882e-01
   3.8265199e-01
   3.7568418e+00
   3.2385662e+00
   1.6679414e+00
   1.2766153e+00
   1.2628272e+00
   5.3306213e+00
   2.5706251e+00
   2.4553593e+00
   6.0502592e-01
   7.2471464e-01
   1.1012541e+00
   2.9521729e+00
   5.1400117e-01
   2.2097225e+00
   5.1400117e-01
   9.9495917e-01
   2.7645290e+00
   5.1114455e+00
   2.0443602e+00
   7.0917531e-01
   1.3098436e+00
   2.4148369e+00
   9.0622266e-01
   2.4592454e-01
   2.8862033e+00
   4.5629650e+00
   1.4787795e+00
   1.8872964e+00
   3.8014825e+00
   3.0632949e+00
   3.0382539e-01
   2.9212819e+00
   2.6797520e+00
   4.2069026e+00
   1.0310941e+00
   3.5129581e+00
   7.9187782e-01
   1.0249013e+00
   8.3301594e-01
   2.1192811e+00
   3.4108982e+00
   1.6017421e+00
   3.8937257e+00
   3.2287225e+00
   3.9493271e-01
   2.0137696e+00
   3.2459293e+00
   1.3074112e+00
   1.5777146e+00
   2.0420234e+00
   3.7648824e+00
   4.1096864e+00
   2.9720531e+00
   1.1672045e+00
   1.5947715e+00
   4.0976635e+00
   1.5107223e+00
   2.0606440e+00
   3.6563664e+00
   2.5724818e+00
   4.5486418e-01
   2.5237632e+00
   3.3377906e+00
   2.0287303e+00
   3.0901936e+00
   3.8678889e-01
   3.7296303e+00
   3.9396434e+00
   1.9364117e+00
   1.1241398e+00
   3.0705600e+00
   7.6945201e-01
   2.2312254e+00
   1.1901592e+00
   3.9088201e-01
   2.7379185e+00
   3.9654140e+00
   1.6283493e+00
   4.1282334e+00
   3.0560124e+00
   3.8161076e+00
   1.8307930e+00
   3.1910395e+00
   3.6707026e+00
   3.0034817e+00
   3.8081752e+00
   1.9576647e+00
   6.8636625e-01
   4.0204199e+00
   9.4406974e-01
   2.0137696e+00
   1.6593313e+00
   5.7812229e-01
   2.1550270e+00
   1.2034575e+00
   2.3000675e+00
   2.3493602e+00
   1.8133232e+00
   1.1968268e+00
   1.4014179e+00
   4.3818321e+00
   2.3722813e+00
   3.5463254e+00
   1.0249013e+00
   1.8558321e+00
   3.3392208e+00
   3.1091914e+00
   2.8333329e+00
   6.8868115e-01
   1.7850160e+00
   4.2967399e-01
   3.0994503e+00
   1.9560380e+00
   2.5117528e+00
   3.0330110e+00
   1.7288522e+00
   2.2082816e+00
   3.6996385e-01
   2.9283559e+00
   7.1141600e-01
   1.5243563e+00
   3.9618002e+00
   2.2032308e+00
   1.6224743e+00
   2.1431779e+00
   1.9986968e+00
   3.3363598e+00
   5.7536274e-01
   2.9010538e+00
   1.8377344e+00
   1.9907180e+00
   6.8868115e-01
   2.5724818e+00
   2.6354358e+00
   3.1168602e+00
   1.4093451e+00
   6.0238963e-01
   1.7724894e+00
   3.9295308e+00
   5.5960099e+00
   2.0490260e+00
   1.1113246e+00
   3.6563664e-01
   3.0440106e+00
   1.3446190e+00
   1.0108287e+00
   7.6530399e-01
   1.2360774e+00
   2.9245490e+00
   4.1459298e-01
   1.8027601e+00
   9.7394223e-01
   3.1860481e+00
   4.5486418e-01
   4.5834978e-01
   4.5834978e-01
   3.3042441e+00
   4.8860251e-01
   1.8036427e+00
   5.3225539e-01
   3.3377906e-01
   2.5332049e+00
   6.4574449e-01
   3.2897623e-01
   3.4778982e-01
