   7.6088240e+00
   4.7081950e+00
   4.7142758e+00
   2.8434259e+00
   2.0066440e+00
   4.6871898e+00
   5.0162134e+00
   2.6522912e+00
   4.2125736e+00
   2.0691225e+00
   2.5501120e+00
   2.1653417e+00
   6.0236321e+00
   3.3888967e+00
   1.0778827e+00
   3.5346376e+00
   3.0361578e+00
   1.3374982e+00
   2.7886037e+00
   2.1057200e+00
   4.1788133e+00
   3.0298609e+00
   3.4572440e+00
   3.1178813e+00
   3.3874875e+00
   6.0413088e+00
   1.7535317e+00
   6.3330124e-01
   1.0689867e+00
   7.1809610e-01
   5.9708213e-01
   3.1107267e+00
   3.0989368e+00
   4.5444412e+00
   3.2474000e+00
   4.7696549e+00
   6.0502592e-01
   3.9553674e+00
   3.5552898e+00
   5.0899157e+00
   3.5296811e+00
   2.8299606e+00
   4.5468920e+00
   3.8447771e+00
   6.4820448e-01
   3.3416030e+00
   7.0014086e-01
   3.6633243e+00
   4.0180440e+00
   3.8265199e-01
   2.7431452e+00
   5.6655422e+00
   4.7902985e+00
   1.5001503e+00
   1.6906871e+00
   1.1507255e+00
   6.3830765e-01
   1.2603041e+00
   1.0896311e+00
   4.2008452e+00
   2.9832775e+00
   2.2966051e+00
   1.7832318e+00
   2.8906114e+00
   4.0692113e+00
   1.2640869e+00
   2.0365603e+00
   2.9489364e+00
   2.4214186e+00
   1.8185818e+00
   1.6096715e+00
   4.1856632e+00
   3.1392474e+00
   1.1507255e+00
   4.7696549e+00
   3.6389135e+00
   3.7771218e+00
   3.9686236e+00
   4.3358254e+00
   2.7558799e+00
   1.2527042e+00
   7.2690743e-01
   3.1700226e+00
   1.6944483e+00
   1.5584301e+00
   1.6602902e+00
   3.1880456e+00
   3.5944677e+00
   2.8005634e+00
   2.7443054e+00
   1.2964090e+00
   3.4350761e+00
   1.1012541e+00
   3.8131871e+00
   3.0627753e+00
   5.2027947e+00
   2.2017855e+00
   9.1322062e-01
   4.9336758e+00
   3.6871419e+00
   5.0111343e+00
   1.6602902e+00
   3.9985879e+00
   3.8081752e+00
   4.1727150e+00
   1.6155931e+00
   3.4285834e+00
   3.3416030e+00
   2.6702325e+00
   2.2376359e+00
   1.8386003e+00
   2.6534910e+00
   2.4377952e+00
   2.8512514e+00
   3.4897760e+00
   4.1185840e+00
   1.1098916e+00
   2.2205000e+00
   1.2628272e+00
   3.0476684e+00
   3.1158388e+00
   8.8102137e+00
   3.1955252e+00
   4.5377821e+00
   3.3935898e+00
   3.6918870e+00
   3.2591411e+00
   1.9355897e+00
   4.7599682e+00
   2.4423610e+00
   1.6106600e+00
   3.0167001e+00
   2.6981006e+00
   4.0413463e+00
   1.7517155e+00
   1.3422496e+00
   3.0240772e+00
   8.6304411e-01
   3.8231911e+00
   5.6571084e+00
   2.9321579e+00
   2.9960539e+00
   2.0973895e+00
   2.2003394e+00
   2.7443054e+00
   1.3469842e+00
   6.2825493e-01
   6.0699563e+00
   3.0684860e+00
   3.2960456e+00
   8.5934797e-01
   9.0446471e-01
   2.3534213e+00
   4.8798322e+00
   1.1794127e+00
   3.4778982e-01
   3.7504818e+00
   4.4763386e+00
   3.8505681e+00
   1.6361498e+00
   3.7998074e+00
   1.2803499e+00
   6.4574449e-01
   1.4862943e+00
   1.7912464e+00
   4.9184908e-01
   9.5912229e-01
   2.7384998e+00
   8.3682839e-01
   2.0240178e+00
   2.5142860e+00
   2.1952703e+00
   2.4009565e+00
   2.9272687e+00
   3.3643870e+00
   4.1459298e-01
   3.6116948e+00
   3.1290913e+00
   9.8369815e-01
   1.0186708e+00
   3.5422840e+00
   3.4257971e+00
   3.7381552e+00
   1.4712264e+00
   3.7462358e+00
   3.8920904e+00
   3.5962384e+00
   3.3482644e+00
   2.4913937e+00
   2.4990478e+00
   1.2514330e+00
   1.3934455e+00
   1.5947715e+00
   2.9229159e+00
   2.8456640e+00
   3.9509387e+00
   9.5579777e-01
   3.7424103e-01
   2.8784729e+00
   1.3808245e+00
   1.2386499e+00
   5.1668801e+00
   3.7800702e+00
   4.3858256e+00
   1.7992253e+00
   3.6797965e+00
   6.4327510e-01
   3.4146290e+00
   4.4374147e+00
   3.6200577e+00
   2.7227628e+00
   7.2251520e-01
   9.5579777e-01
   4.0793677e+00
   3.0617358e+00
   3.1382332e+00
   1.5512649e+00
   7.4387493e+00
   1.2716187e+00
   6.5065517e-01
   5.4367505e+00
   2.2736210e+00
   3.0040115e+00
   3.7411343e+00
   3.9509387e+00
   2.4194460e+00
   1.8325308e+00
   2.2233651e+00
   3.8674774e+00
   1.8027601e+00
   1.4070847e+00
   3.4015532e+00
   4.9850228e+00
   3.4705686e+00
   3.7009289e+00
   2.2347891e+00
   1.3980067e+00
   2.8972110e+00
   3.0003006e+00
   4.9862998e+00
   1.2640869e+00
   4.0684289e-01
   6.3830765e-01
   3.2606058e+00
   3.7313368e+00
   2.8662830e+00
   2.2806103e+00
   3.5025224e+00
   3.8265199e-01
   5.6946827e+00
   1.6679414e+00
   1.1780624e+00
   4.6943150e+00
   3.9858307e+00
   6.6829679e+00
   6.1809022e+00
   3.2232956e+00
   2.7806019e+00
   1.3363078e+00
   1.4082154e+00
   5.0146267e-01
   2.4062537e+00
   2.3371345e+00
   9.8045696e-01
   1.5746854e+00
   4.1604918e+00
   4.0902772e+00
   2.5817453e+00
   3.2119190e+00
   1.4350836e+00
   2.3234749e+00
   4.3501176e+00
   2.8411861e+00
   5.6700351e-01
   5.2976771e+00
   2.5041375e+00
   2.1011802e+00
   1.4570954e+00
   6.1286676e-01
   2.1019375e+00
   1.1465687e+00
   3.0087760e+00
   2.1587165e+00
   2.4325667e+00
   6.3330124e-01
   3.2208259e+00
   1.3564038e+00
   2.8350176e+00
   1.0092530e+00
   1.1479560e+00
   5.8632301e-01
   2.5250242e+00
   5.6980355e+00
   2.9054394e+00
   3.0214446e+00
   3.5238145e+00
   2.6642655e+00
   4.0464627e+00
   4.6865107e-01
   1.9609139e+00
   1.8098090e+00
   1.0778827e+00
   4.4528107e+00
   6.8636625e-01
   9.1669957e-01
   2.1305161e+00
   4.0933889e+00
   1.2270313e+00
   3.3888967e+00
   3.3133832e+00
   3.0912235e+00
   4.0468560e+00
   2.8495763e+00
   2.7587659e+00
   3.1107267e+00
   1.1465687e+00
   1.9754694e+00
   2.6648628e+00
   1.3540550e+00
   2.7245158e+00
   2.1726794e+00
   3.3477890e+00
   3.2019934e+00
   3.1518965e+00
   4.1601092e+00
   3.9347926e+00
   2.8090750e+00
   2.7547246e+00
   1.6631635e+00
   2.3803185e+00
   3.2311862e+00
   1.6448812e+00
   2.8867547e+00
   7.5859900e+00
   3.2341402e+00
   3.5611046e+00
   3.4979754e+00
   1.9339445e+00
   2.3669081e+00
   3.8414641e+00
   3.8215256e+00
   2.4227328e+00
   1.9851137e+00
   2.0113972e+00
