   1.1527500e+01
   1.3802500e+01
   1.8495000e+01
   2.2455000e+01
   1.2752500e+01
   5.1370000e+01
   3.6137500e+01
   1.4827500e+01
   1.7557500e+01
   2.8977500e+01
   4.6002500e+01
   3.0997500e+01
   2.9650000e+01
   2.0947500e+01
   8.5375000e+00
   1.9225000e+01
   1.3267500e+02
   1.8858500e+02
   5.9825000e+00
   4.1125000e+00
   3.1936750e+02
   3.4387500e+01
   1.9357500e+01
   2.5942500e+01
   1.2275000e+01
   1.3440000e+01
   2.9160000e+01
   1.0925000e+01
   3.5272500e+01
   3.0600000e+01
   9.8250000e+00
   9.4675000e+00
   8.4900000e+00
   1.3920000e+01
   1.5732500e+01
   8.5330000e+01
   2.2052500e+01
   2.0350000e+00
   2.7522500e+01
   6.2850000e+00
   2.0722500e+01
   1.0777500e+01
   2.2787500e+01
   7.0500000e-01
   7.8425000e+00
   1.5145000e+01
   2.4141000e+02
   2.3247500e+01
   6.3600000e+00
   8.2500000e-01
   1.4000000e-01
   2.1200000e+00
   4.8750000e-01
   1.0885000e+01
   1.5365000e+01
   1.6200000e+00
   7.1000000e+00
   2.8122500e+01
   1.3010000e+01
   1.9667500e+01
   4.4830000e+01
   5.0787500e+01
   3.0800000e+00
   2.1060000e+01
   1.1540000e+01
   4.2377500e+01
   8.0535000e+01
   1.1960000e+01
   1.4220000e+01
   2.1135000e+01
   2.1437500e+01
   2.5190000e+01
   2.9742500e+01
   2.4025000e+01
   6.4895000e+01
   1.2175000e+01
   8.5425000e+00
   8.5200000e+00
   1.5287500e+01
   1.3858000e+02
   1.3262500e+01
   6.8075000e+00
   1.2695000e+01
   8.2000000e+00
   1.0982500e+01
   1.7365000e+01
   3.0890000e+01
   1.3000000e+01
   1.1180000e+01
   6.6925000e+00
   1.0500000e+01
   1.6432500e+01
   1.1200000e+01
   1.2575000e+01
   1.0050000e+01
   1.1175000e+01
   1.8580000e+01
   4.0132500e+01
   1.1135000e+01
   5.8425000e+00
   1.5425000e+01
   1.4252500e+01
   6.4450000e+00
   4.3325000e+00
   1.4440000e+01
