   3.8310924e+00
   4.1921222e+00
   4.8526864e+00
   5.3470173e+00
   4.0295145e+00
   8.0874171e+00
   6.7831920e+00
   4.3449924e+00
   4.7280972e+00
   6.0741501e+00
   7.6532478e+00
   6.2822960e+00
   6.1442292e+00
   5.1644153e+00
   3.2970112e+00
   4.9475277e+00
   1.2997194e+01
   1.5495608e+01
   2.7599195e+00
   2.2882739e+00
   2.0165102e+01
   6.6169120e+00
   4.9645478e+00
   5.7472617e+00
   3.9533550e+00
   4.1367064e+00
   6.0932475e+00
   3.7296303e+00
   6.7015179e+00
   6.2418851e+00
   3.5368883e+00
   3.4719440e+00
   3.2878266e+00
   4.2099281e+00
   4.4756275e+00
   1.0423317e+01
   5.2988787e+00
   1.6096715e+00
   5.9196905e+00
   2.8288355e+00
   5.1366046e+00
   3.7043676e+00
   5.3864595e+00
   9.4743542e-01
   3.1599654e+00
   4.3912655e+00
   1.7532049e+01
   5.4405548e+00
   2.8456640e+00
   1.0249013e+00
   4.2220082e-01
   1.6429449e+00
   7.8784788e-01
   3.7227963e+00
   4.4230448e+00
   1.4361922e+00
   3.0066594e+00
   5.9838682e+00
   4.0699934e+00
   5.0041422e+00
   7.5550863e+00
   8.0414335e+00
   1.9802974e+00
   5.1782647e+00
   3.8331690e+00
   7.3455230e+00
   1.0126221e+01
   3.9023000e+00
   4.2550519e+00
   5.1874770e+00
   5.2244687e+00
   5.6632945e+00
   6.1538059e+00
   5.5307848e+00
   9.0899329e+00
   3.9372187e+00
   3.2979765e+00
   3.2936304e+00
   4.4118760e+00
   1.3283280e+01
   4.1092991e+00
   2.9440751e+00
   4.0204199e+00
   3.2311862e+00
   3.7394322e+00
   4.7021064e+00
   6.2713930e+00
   4.0684289e+00
   3.7729058e+00
   2.9191019e+00
   3.6563664e+00
   4.5741129e+00
   3.7762790e+00
   4.0013732e+00
   3.5771577e+00
   3.7720620e+00
   4.8638247e+00
   7.1483065e+00
   3.7653051e+00
   2.7274351e+00
   4.4316724e+00
   4.2599116e+00
   2.8646167e+00
   2.3486827e+00
   4.2878408e+00
