   4.5470000e+01
   1.7410000e+01
   1.7455000e+01
   6.3500000e+00
   3.1625000e+00
   1.7255000e+01
   1.9762500e+01
   5.5250000e+00
   1.3937500e+01
   3.3625000e+00
   5.1075000e+00
   3.6825000e+00
   2.8497500e+01
   9.0200000e+00
   9.1250000e-01
   9.8125000e+00
   7.2400000e+00
   1.4050000e+00
   6.1075000e+00
   3.4825000e+00
   1.3715000e+01
   7.2100000e+00
   9.3875000e+00
   7.6350000e+00
   9.0125000e+00
   2.8665000e+01
   2.4150000e+00
   3.1500000e-01
   8.9750000e-01
   4.0500000e-01
   2.8000000e-01
   7.6000000e+00
   7.5425000e+00
   1.6220000e+01
   8.2825000e+00
   1.7867500e+01
   2.8750000e-01
   1.2287500e+01
   9.9275000e+00
   2.0347500e+01
   9.7850000e+00
   6.2900000e+00
   1.6237500e+01
   1.1610000e+01
   3.3000000e-01
   8.7700000e+00
   3.8500000e-01
   1.0540000e+01
   1.2680000e+01
   1.1500000e-01
   5.9100000e+00
   2.5210000e+01
   1.8022500e+01
   1.7675000e+00
   2.2450000e+00
   1.0400000e+00
   3.2000000e-01
   1.2475000e+00
   9.3250000e-01
   1.3860000e+01
   6.9900000e+00
   4.1425000e+00
   2.4975000e+00
   6.5625000e+00
   1.3005000e+01
   1.2550000e+00
   3.2575000e+00
   6.8300000e+00
   4.6050000e+00
   2.5975000e+00
   2.0350000e+00
   1.3760000e+01
   7.7400000e+00
   1.0400000e+00
   1.7867500e+01
   1.0400000e+01
   1.1205000e+01
   1.2370000e+01
   1.4765000e+01
   5.9650000e+00
   1.2325000e+00
   4.1500000e-01
   7.8925000e+00
   2.2550000e+00
   1.9075000e+00
   2.1650000e+00
   7.9825000e+00
   1.0147500e+01
   6.1600000e+00
   5.9150000e+00
   1.3200000e+00
   9.2675000e+00
   9.5250000e-01
   1.1420000e+01
   7.3675000e+00
   2.1260000e+01
   3.8075000e+00
   6.5500000e-01
   1.9117500e+01
   1.0677500e+01
   1.9722500e+01
   2.1650000e+00
   1.2557500e+01
   1.1390000e+01
   1.3675000e+01
   2.0500000e+00
   9.2325000e+00
   8.7700000e+00
   5.6000000e+00
   3.9325000e+00
   2.6550000e+00
   5.5300000e+00
   4.6675000e+00
   6.3850000e+00
   9.5650000e+00
   1.3322500e+01
   9.6750000e-01
   3.8725000e+00
   1.2525000e+00
   7.2950000e+00
   7.6250000e+00
   6.0962500e+01
   8.0200000e+00
   1.6172500e+01
   9.0450000e+00
   1.0705000e+01
   8.3425000e+00
   2.9425000e+00
   1.7795000e+01
   4.6850000e+00
   2.0375000e+00
   7.1475000e+00
   5.7175000e+00
   1.2827500e+01
   2.4100000e+00
   1.4150000e+00
   7.1825000e+00
   5.8500000e-01
   1.1480000e+01
   2.5135000e+01
   6.7525000e+00
   7.0500000e+00
   3.4550000e+00
   3.8025000e+00
   5.9150000e+00
   1.4250000e+00
   3.1000000e-01
   2.8937500e+01
   7.3950000e+00
   8.5325000e+00
   5.8000000e-01
   6.4250000e-01
   4.3500000e+00
   1.8702500e+01
   1.0925000e+00
   9.5000000e-02
   1.1047500e+01
   1.5737500e+01
   1.1645000e+01
   2.1025000e+00
   1.1340000e+01
   1.2875000e+00
   3.2750000e-01
   1.7350000e+00
   2.5200000e+00
   1.9000000e-01
   7.2250000e-01
   5.8900000e+00
   5.5000000e-01
   3.2175000e+00
   4.9650000e+00
   3.7850000e+00
   4.5275000e+00
   6.7300000e+00
   8.8900000e+00
   1.3500000e-01
   1.0245000e+01
   7.6900000e+00
   7.6000000e-01
   8.1500000e-01
   9.8550000e+00
   9.2175000e+00
   1.0975000e+01
   1.7000000e+00
   1.1022500e+01
   1.1897500e+01
   1.0157500e+01
   8.8050000e+00
   4.8750000e+00
   4.9050000e+00
   1.2300000e+00
   1.5250000e+00
   1.9975000e+00
   6.7100000e+00
   6.3600000e+00
   1.2260000e+01
   7.1750000e-01
   1.1000000e-01
   6.5075000e+00
   1.4975000e+00
   1.2050000e+00
   2.0967500e+01
   1.1222500e+01
   1.5107500e+01
   2.5425000e+00
   1.0635000e+01
   3.2500000e-01
   9.1575000e+00
   1.5465000e+01
   1.0292500e+01
   5.8225000e+00
   4.1000000e-01
   7.1750000e-01
   1.3070000e+01
   7.3625000e+00
   7.7350000e+00
   1.8900000e+00
   4.3460000e+01
   1.2700000e+00
   3.3250000e-01
   2.3215000e+01
   4.0600000e+00
   7.0875000e+00
   1.0992500e+01
   1.2260000e+01
   4.5975000e+00
   2.6375000e+00
   3.8825000e+00
   1.1747500e+01
   2.5525000e+00
   1.5550000e+00
   9.0875000e+00
   1.9517500e+01
   9.4600000e+00
   1.0757500e+01
   3.9225000e+00
   1.5350000e+00
   6.5925000e+00
   7.0700000e+00
   1.9527500e+01
   1.2550000e+00
   1.3000000e-01
   3.2000000e-01
   8.3500000e+00
   1.0935000e+01
   6.4525000e+00
   4.0850000e+00
   9.6350000e+00
   1.1500000e-01
   2.5470000e+01
   2.1850000e+00
   1.0900000e+00
   1.7307500e+01
   1.2477500e+01
   3.5077500e+01
   3.0005000e+01
   8.1600000e+00
   6.0725000e+00
   1.4025000e+00
   1.5575000e+00
   1.9750000e-01
   4.5475000e+00
   4.2900000e+00
   7.5500000e-01
   1.9475000e+00
   1.3595000e+01
   1.3140000e+01
   5.2350000e+00
   8.1025000e+00
   1.6175000e+00
   4.2400000e+00
   1.4862500e+01
   6.3400000e+00
   2.5250000e-01
   2.2042500e+01
   4.9250000e+00
   3.4675000e+00
   1.6675000e+00
   2.9500000e-01
   3.4700000e+00
   1.0325000e+00
   7.1100000e+00
   3.6600000e+00
   4.6475000e+00
   3.1500000e-01
   8.1475000e+00
   1.4450000e+00
   6.3125000e+00
   8.0000000e-01
   1.0350000e+00
   2.7000000e-01
   5.0075000e+00
   2.5500000e+01
   6.6300000e+00
   7.1700000e+00
   9.7525000e+00
   5.5750000e+00
   1.2860000e+01
   1.7250000e-01
   3.0200000e+00
   2.5725000e+00
   9.1250000e-01
   1.5572500e+01
   3.7000000e-01
   6.6000000e-01
   3.5650000e+00
   1.3160000e+01
   1.1825000e+00
   9.0200000e+00
   8.6225000e+00
   7.5050000e+00
   1.2862500e+01
   6.3775000e+00
   5.9775000e+00
   7.6000000e+00
   1.0325000e+00
   3.0650000e+00
   5.5775000e+00
   1.4400000e+00
   5.8300000e+00
   3.7075000e+00
   8.8025000e+00
   8.0525000e+00
   7.8025000e+00
   1.3592500e+01
   1.2160000e+01
   6.1975000e+00
   5.9600000e+00
   2.1725000e+00
   4.4500000e+00
   8.2000000e+00
   2.1250000e+00
   6.5450000e+00
   4.5197500e+01
   8.2150000e+00
   9.9600000e+00
   9.6100000e+00
   2.9375000e+00
   4.4000000e+00
   1.1590000e+01
   1.1470000e+01
   4.6100000e+00
   3.0950000e+00
   3.1775000e+00
