   5.0725000e+00
   6.2275000e+00
   5.2425000e+00
   1.0577500e+01
   8.2062500e+01
   9.9600000e+00
   4.3950000e+00
   1.9167500e+01
   2.9350000e+00
   2.9625000e+00
   1.1150000e+01
   2.8017500e+01
   4.5775000e+00
   1.2487500e+01
   2.8512500e+01
   5.6800000e+01
   3.3050000e+01
   3.3475000e+00
   1.7262500e+01
   4.1150000e+00
   2.4799000e+02
   1.3411250e+02
   1.1527500e+01
   2.6475000e+00
   3.2025000e+00
   7.7575000e+00
   3.4325000e+00
   4.0940000e+01
   1.3100000e+01
   9.5975000e+00
   7.1050000e+00
   6.1575000e+00
   1.3630000e+01
   1.2012500e+01
   2.4900000e+00
   3.3900000e+00
   2.3227500e+02
   3.7922500e+01
   3.2387500e+01
   1.0095000e+01
   8.5455000e+01
   1.6367500e+01
   1.6342500e+01
   9.3240000e+01
   1.4900000e+00
   1.1722500e+01
   5.2975000e+00
   2.2127500e+01
   2.4407500e+01
   1.9617500e+01
   5.9200000e+00
   1.2602500e+01
   2.2107500e+01
   8.7450000e+00
   1.2057500e+01
   2.9327500e+01
   1.2690000e+01
   1.0967500e+01
   1.6419500e+02
   1.2602500e+01
   1.6977500e+01
   2.1010000e+01
   1.0422500e+01
   2.6312500e+01
   8.1750000e+00
   1.9472500e+01
   5.1000000e+00
   7.2950000e+00
   3.2675000e+00
   9.1825000e+00
   1.4350250e+02
   5.0567500e+01
   3.4092500e+01
   9.4375000e+00
   1.0135500e+02
   1.2075500e+02
   3.8625000e+00
   2.4120000e+01
   1.0520750e+02
   2.0602500e+01
