   2.5413594e+00
   2.8158656e+00
   2.5835941e+00
   3.6698353e+00
   1.0221801e+01
   3.5611046e+00
   2.3655629e+00
   4.9401234e+00
   1.9331213e+00
   1.9421566e+00
   3.7678404e+00
   5.9726869e+00
   2.4141777e+00
   3.9874276e+00
   6.0252172e+00
   8.5041170e+00
   6.4869536e+00
   2.0645022e+00
   4.6882084e+00
   2.2889694e+00
   1.7769375e+01
   1.3067415e+01
   3.8310924e+00
   1.8360016e+00
   2.0192943e+00
   3.1427943e+00
   2.0905489e+00
   7.2198634e+00
   4.0840468e+00
   3.4956997e+00
   3.0077179e+00
   2.7999951e+00
   4.1658439e+00
   3.9108554e+00
   1.7805523e+00
   2.0775664e+00
   1.7197143e+01
   6.9486996e+00
   6.4216077e+00
   3.5851573e+00
   1.0430948e+01
   4.5650573e+00
   4.5615696e+00
   1.0895726e+01
   1.3773623e+00
   3.8633600e+00
   2.5971112e+00
   5.3078817e+00
   5.5746385e+00
   4.9977772e+00
   2.7454650e+00
   4.0057460e+00
   5.3054824e+00
   3.3368368e+00
   3.9181738e+00
   6.1107228e+00
   4.0196281e+00
   3.7368777e+00
   1.4458892e+01
   4.0057460e+00
   4.6493467e+00
   5.1721140e+00
   3.6428477e+00
   5.7881012e+00
   3.2262569e+00
   4.9792727e+00
   2.5482389e+00
   3.0476684e+00
   2.0396839e+00
   3.4192868e+00
   1.3517139e+01
   8.0239978e+00
   6.5884687e+00
   3.4664388e+00
   1.1359982e+01
   1.2399598e+01
   2.2176311e+00
   5.5417089e+00
   1.1573865e+01
   5.1217104e+00
