   1.2972500e+02
   7.7750000e-01
   3.1842500e+01
   4.7675000e+00
   1.7780000e+01
   2.9550000e+01
   3.2370000e+01
   2.4875000e+00
   1.4805750e+02
   3.4050000e+00
   5.6025000e+00
   3.8550000e+00
   1.6800000e+00
   9.3495000e+01
   3.3805000e+01
   7.7375000e+00
   8.1375000e+00
   8.7650000e+00
   2.4950000e+01
   6.4290000e+01
   8.2700000e+00
   1.7095000e+01
   5.8202500e+01
   1.4050000e+00
   7.8680000e+01
   1.0132500e+01
   1.4590000e+01
   9.7675000e+00
   4.2775000e+01
   1.9110000e+01
   5.2667500e+01
   3.5275000e+00
   1.2600000e+00
   6.6050000e+01
   2.6177500e+01
   2.7137500e+01
   7.8187500e+01
   7.6487500e+01
   8.6925000e+00
   1.5120000e+02
   3.1950000e+00
   2.0950000e+00
   1.1525000e+00
   1.4200000e+01
   9.3200000e+00
   9.1167500e+01
   2.9872500e+01
   1.1734500e+02
   2.2605000e+01
   1.0252500e+01
   1.7050000e+00
   9.3975000e+00
   1.6181750e+02
   1.4641750e+02
   1.0900000e+01
   1.8293500e+02
   7.2650000e+00
