   4.3442598e+00
   8.8836124e+00
   2.5488634e+00
   6.4042352e+00
   3.2722996e+00
   3.5337370e+00
   1.0444519e+01
   2.1491106e+00
   1.5441901e+01
   7.4479436e+00
   3.1660035e+00
   3.4915997e+00
   1.4996197e+01
   1.4744682e+00
   1.3780439e+01
   1.1651983e+01
   6.2431599e+00
   1.1678316e+01
   9.9958728e+00
   6.1958189e+00
   3.5413853e+00
   9.3036556e+00
   4.5261931e+00
   7.7831584e+00
   7.8657417e+00
   6.7611007e+00
   2.0240178e+00
   4.3966987e+00
   1.6007481e+00
   6.6356467e+00
   5.1929966e+00
   7.9195821e+00
   5.0031879e+00
   1.2077875e+01
   4.8392208e+00
   2.7128075e+00
   4.9310944e+00
   7.4304004e+00
   1.1141852e+00
   1.0278475e+01
   4.9217255e+00
   1.3206375e+01
   7.0820964e+00
   7.0272751e+00
   3.8073393e+00
   9.3755680e+00
   1.3603054e+01
   1.3736365e+01
   3.7572654e+00
   3.8888176e+00
   3.9770364e+00
   4.7759906e+00
   8.5788361e+00
   5.5928805e+00
   4.0291195e-01
