   8.5332625e+00
   4.3096847e+00
   6.7358660e+00
   1.5065024e+00
   2.1057200e+00
   3.0803925e+00
   4.7733240e+00
   3.0648531e+00
   5.7183892e+00
   5.7200588e+00
   3.1219623e+00
   4.2781793e+00
   5.9844002e+00
   1.3478819e+01
   3.7559944e+00
   5.8433810e+00
   6.2691085e+00
   4.5570316e+00
   4.4816686e+00
   1.4712264e+01
   1.8999037e+00
   5.5720684e+00
   4.9016355e+00
   4.9320626e+00
   2.0683532e+00
   4.9359334e+00
   9.4118254e+00
   8.4024480e+00
   3.9477148e+00
   4.3413279e+00
   4.1359368e+00
   5.3692948e+00
   3.4192868e+00
   3.7551469e+00
   5.3562366e+00
   4.6194691e+00
   3.3591793e+00
   1.4082041e+01
   1.5420035e+00
   6.7067406e+00
   1.1507531e+01
   3.3444595e+00
   5.1653397e+00
   2.1938198e+00
   2.0490260e+00
   4.7338162e+00
   7.7528353e+00
   3.5878199e+00
   1.0377408e+01
   5.1523824e+00
   8.7496692e+00
   3.3018349e+00
   7.0041359e+00
   4.8886303e+00
   4.8925355e+00
   4.6871898e+00
   4.5852337e+00
   1.4110606e+01
   7.4837574e+00
   1.2090650e+01
   3.0715965e+00
   3.7897417e+00
   2.9709818e+00
   3.0293356e+00
   6.2866013e+00
   2.8977603e+00
   5.0673522e+00
   9.7268313e+00
   6.7102993e+00
   2.7086976e+00
   7.8312685e+00
   4.8168047e+00
   6.2055725e+00
   4.1913629e+00
   1.6487469e+00
   3.0715965e+00
   2.4168133e+00
   5.2484795e+00
   5.9081183e+00
