   2.9435000e+01
   1.5040000e+01
   2.5400000e+00
   3.7175000e+00
   3.2227500e+01
   1.2820000e+01
   2.7090000e+01
   4.3425000e+00
   8.3250000e+00
   2.1612500e+01
   8.0565000e+01
   1.5461250e+02
   5.8225000e+00
   7.4500000e-01
   4.3650000e+00
   9.8395000e+01
   2.0475000e+00
   5.8625000e+00
   1.4275000e+00
   1.7850000e+00
   1.5267500e+01
   2.6675000e+00
   7.9250000e+00
   8.7325000e+00
   2.5800000e+00
   1.6197500e+01
   6.4125000e+00
   1.3780000e+01
   7.5297500e+01
   7.5805000e+01
   8.3350000e+00
   4.5860000e+01
   2.3720750e+02
   8.5675000e+00
   8.0700000e+00
   1.1155000e+01
   1.5642500e+01
   6.8500000e-01
   2.3025000e+00
   9.4425000e+00
   8.0525000e+00
   6.9767500e+01
   2.8325000e+00
   1.5100000e+00
   8.3525000e+00
   1.6065000e+01
   2.3875000e+00
   8.3300000e+00
   3.9267500e+01
   2.1422500e+01
   1.0005000e+01
   2.7935000e+01
   2.1587500e+01
   9.0605000e+01
   1.1097500e+01
   4.8200000e+00
   3.4447500e+01
   8.3225000e+00
   4.4202500e+01
   2.6625000e+00
   5.4757500e+01
   5.2100000e+00
   1.7522500e+01
   2.2142500e+01
   3.0590000e+01
   1.4150000e+01
   5.0475000e+00
   8.1225000e+00
   9.6650000e+00
   1.2060000e+01
   7.2100000e+00
   1.1450500e+02
   2.2015000e+01
   3.3955000e+01
   9.7300000e+00
   1.4792500e+01
   1.0165500e+02
