   1.7352843e+00
   4.8592414e+00
   7.0928751e+00
   2.7128075e+00
   4.9639066e+00
   7.8764584e+00
   4.2314219e+00
   3.3042441e+00
   2.9092714e+00
   1.8403307e+00
   1.5026520e+01
   1.7947969e+00
   1.2782599e+01
   1.3881816e+01
   2.4260152e+00
   3.8031567e+00
   2.4201037e+00
   6.9907165e+00
   3.3234550e+00
   4.4513807e+00
   2.2468633e+00
   5.4577870e+00
   8.2678321e+00
   1.3712245e+01
   5.7008280e+00
   1.3790829e+01
   1.9446134e+00
   4.0602055e+00
   3.5561850e+00
   4.7260771e+00
   1.3773623e+00
   1.4152952e+01
   9.6417012e+00
   4.9159014e+00
   5.5692114e+00
   2.3323627e+00
   3.6068442e+00
   5.4746743e+00
   2.5123863e+00
   4.3988701e+00
   4.9977772e+00
   2.6306001e+00
   3.1362040e+00
   5.4446487e+00
   1.9511500e+00
   1.4839580e+01
   1.9971036e+00
   9.2382491e+00
   4.6208470e+00
   4.6180908e-01
   1.0915428e+01
   2.5022301e+00
   9.0736350e+00
   5.3069821e+00
   5.5740675e+00
   3.4424812e+00
   8.0952850e+00
