   1.2851887e+01
   9.9495917e-01
   6.3673488e+00
   2.4637714e+00
   4.7579617e+00
   6.1338592e+00
   6.4198726e+00
   1.7796582e+00
   1.3729991e+01
   2.0821577e+00
   2.6708284e+00
   2.2154770e+00
   1.4625466e+00
   1.0910616e+01
   6.5606298e+00
   3.1387403e+00
   3.2188487e+00
   3.3406503e+00
   5.6362511e+00
   9.0474621e+00
   3.2449485e+00
   4.6654078e+00
   8.6084682e+00
   1.3374982e+00
   1.0008920e+01
   3.5918101e+00
   4.3100539e+00
   3.5265234e+00
   7.3798931e+00
   4.9327079e+00
   8.1889159e+00
   2.1192811e+00
   1.2666025e+00
   9.1704674e+00
   5.7732338e+00
   5.8781407e+00
   9.9775456e+00
   9.8684806e+00
   3.3268055e+00
   1.3874935e+01
   2.0169284e+00
   1.6332290e+00
   1.2113664e+00
   4.2520585e+00
   3.4447921e+00
   1.0773953e+01
   6.1672399e+00
   1.2223269e+01
   5.3648467e+00
   3.6130165e+00
   1.4733884e+00
   3.4590849e+00
   1.4353830e+01
   1.3653738e+01
   3.7253605e+00
   1.5261719e+01
   3.0413953e+00
