   6.1219120e+00
   4.3760168e+00
   1.7983405e+00
   2.1756075e+00
   6.4057261e+00
   4.0401647e+00
   5.8729941e+00
   2.3513917e+00
   3.2557210e+00
   5.2457497e+00
   1.0128107e+01
   1.4030636e+01
   2.7227628e+00
   9.7394223e-01
   2.3574755e+00
   1.1192873e+01
   1.6146077e+00
   2.7320993e+00
   1.3481652e+00
   1.5075585e+00
   4.4089891e+00
   1.8429234e+00
   3.1765427e+00
   3.3344511e+00
   1.8124453e+00
   4.5412881e+00
   2.8573849e+00
   4.1887040e+00
   9.7914123e+00
   9.8243536e+00
   3.2576758e+00
   7.6413851e+00
   1.7378779e+01
   3.3027988e+00
   3.2054708e+00
   3.7686851e+00
   4.4628074e+00
   9.3389993e-01
   1.7122015e+00
   3.4673570e+00
   3.2019934e+00
   9.4250061e+00
   1.8990658e+00
   1.3865755e+00
   3.2610939e+00
   4.5226755e+00
   1.7435193e+00
   3.2566985e+00
   7.0708510e+00
   5.2226405e+00
   3.5691402e+00
   5.9638869e+00
   5.2427148e+00
   1.0740664e+01
   3.7589594e+00
   2.4772999e+00
   6.6226822e+00
   3.2552321e+00
   7.5020245e+00
   1.8411953e+00
   8.3498152e+00
   2.5755733e+00
   4.7233823e+00
   5.3096805e+00
   6.2408651e+00
   4.2445659e+00
   2.5350891e+00
   3.2158806e+00
   3.5079710e+00
   3.9185800e+00
   3.0298609e+00
   1.2074448e+01
   5.2943714e+00
   6.5751691e+00
   3.5197473e+00
   4.3398613e+00
   1.1376782e+01
