   1.4822500e+01
   6.1982500e+01
   5.1025000e+00
   3.2212500e+01
   8.4100000e+00
   9.8075000e+00
   8.5677500e+01
   3.6275000e+00
   1.8728000e+02
   4.3567500e+01
   7.8725000e+00
   9.5750000e+00
   1.7662500e+02
   1.7075000e+00
   1.4914750e+02
   1.0663250e+02
   3.0612500e+01
   1.0711500e+02
   7.8475000e+01
   3.0150000e+01
   9.8500000e+00
   6.7982500e+01
   1.6090000e+01
   4.7577500e+01
   4.8592500e+01
   3.5902500e+01
   3.2175000e+00
   1.5182500e+01
   2.0125000e+00
   3.4582500e+01
   2.1180000e+01
   4.9260000e+01
   1.9660000e+01
   1.1457000e+02
   1.8392500e+01
   5.7800000e+00
   1.9097500e+01
   4.3362500e+01
   9.7500000e-01
   8.2975000e+01
   1.9025000e+01
   1.3698000e+02
   3.9392500e+01
   3.8785000e+01
   1.1385000e+01
   6.9037500e+01
   1.4533250e+02
   1.4819500e+02
   1.1087500e+01
   1.1877500e+01
   1.2422500e+01
   1.7915000e+01
   5.7802500e+01
   2.4567500e+01
   1.2750000e-01
