   5.7190000e+01
   1.4587500e+01
   3.5635000e+01
   1.7825000e+00
   3.4825000e+00
   7.4525000e+00
   1.7895000e+01
   7.3775000e+00
   2.5682500e+01
   2.5697500e+01
   7.6550000e+00
   1.4375000e+01
   2.8127500e+01
   1.4269000e+02
   1.1080000e+01
   2.6817500e+01
   3.0867500e+01
   1.6310000e+01
   1.5775000e+01
   1.7000000e+02
   2.8350000e+00
   2.4385000e+01
   1.8870000e+01
   1.9105000e+01
   3.3600000e+00
   1.9135000e+01
   6.9572500e+01
   5.5450000e+01
   1.2240000e+01
   1.4802500e+01
   1.3435000e+01
   2.2642500e+01
   9.1825000e+00
   1.1075000e+01
   2.2532500e+01
   1.6760000e+01
   8.8625000e+00
   1.5574750e+02
   1.8675000e+00
   3.5327500e+01
   1.0400500e+02
   8.7850000e+00
   2.0955000e+01
   3.7800000e+00
   3.2975000e+00
   1.7600000e+01
   4.7207500e+01
   1.0110000e+01
   8.4580000e+01
   2.0850000e+01
   6.0127500e+01
   8.5625000e+00
   3.8530000e+01
   1.8770000e+01
   1.8800000e+01
   1.7255000e+01
   1.6512500e+01
   1.5638000e+02
   4.3987500e+01
   1.1481250e+02
   7.4100000e+00
   1.1280000e+01
   6.9325000e+00
   7.2075000e+00
   3.1040000e+01
   6.5950000e+00
   2.0167500e+01
   7.4307500e+01
   3.5365000e+01
   5.7625000e+00
   4.8167500e+01
   1.8222500e+01
   3.0245000e+01
   1.3797500e+01
   2.1350000e+00
   7.4100000e+00
   4.5875000e+00
   2.1635000e+01
   2.7415000e+01
