   2.3650000e+00
   1.8545000e+01
   3.9512500e+01
   5.7800000e+00
   1.9352500e+01
   4.8725000e+01
   1.4062500e+01
   8.5750000e+00
   6.6475000e+00
   2.6600000e+00
   1.7734000e+02
   2.5300000e+00
   1.2833000e+02
   1.5135000e+02
   4.6225000e+00
   1.1360000e+01
   4.6000000e+00
   3.8382500e+01
   8.6750000e+00
   1.5562500e+01
   3.9650000e+00
   2.3395000e+01
   5.3687500e+01
   1.4767500e+02
   2.5525000e+01
   1.4937250e+02
   2.9700000e+00
   1.2947500e+01
   9.9325000e+00
   1.7542500e+01
   1.4900000e+00
   1.5732000e+02
   7.3012500e+01
   1.8980000e+01
   2.4360000e+01
   4.2725000e+00
   1.0217500e+01
   2.3540000e+01
   4.9575000e+00
   1.5197500e+01
   1.9617500e+01
   5.4350000e+00
   7.7250000e+00
   2.3282500e+01
   2.9900000e+00
   1.7295500e+02
   3.1325000e+00
   6.7030000e+01
   1.6770000e+01
   1.6750000e-01
   9.3577500e+01
   4.9175000e+00
   6.4662500e+01
   2.2120000e+01
   2.4402500e+01
   9.3075000e+00
   5.1470000e+01
