   4.4424332e-01
   6.2060854e-01
   6.1385279e+00
   5.2320790e-01
   5.7812229e-01
   4.3836478e+00
   6.1545817e-01
   1.8763015e+00
   2.2003394e+00
   6.4295338e+00
   4.2340539e+00
   5.4115164e-01
   3.5233628e-01
   4.2595379e-01
   5.8789529e+00
   1.2021343e+00
   3.2936304e+00
   5.1619493e+00
   1.0182176e+01
   1.3943932e+01
   9.5746147e-01
   2.4036065e+00
   1.2976360e+00
   1.1241823e+01
   2.7500987e+00
   1.7426062e+00
   1.3552299e+00
   1.4990890e+00
   4.4277202e+00
   1.8098090e+00
   4.2220082e-01
   3.2158806e+00
   3.3473135e+00
   1.7742843e+00
   4.4470882e+00
   2.8623935e+00
   4.2004663e+00
   3.3851375e-01
   9.7718874e+00
   9.8558931e+00
   3.3482644e+00
   4.8533423e-01
   7.6238694e+00
   1.0793582e+00
   1.7397452e+01
   4.4064615e-01
   3.2306936e+00
   3.5860451e+00
   3.4756093e+00
   8.9739847e-01
   1.7670937e+00
   3.4888637e+00
   3.2228018e+00
   9.3490487e+00
   1.9132600e+00
   1.4494293e+00
   3.2566985e+00
   3.4136967e+00
   8.2533821e-01
   1.6991382e+00
   4.6236016e+00
   1.7670937e+00
   3.2483800e+00
   7.0701757e+00
   5.3342029e+00
   3.5740419e+00
   6.0363012e+00
   5.2605952e+00
   1.0723313e+01
   3.7547230e+00
   1.2766153e+00
   6.6339675e+00
   3.2527866e+00
   7.5183422e+00
   7.3637008e+00
   2.0435816e+00
   1.4002817e+00
   4.7391925e+00
   5.3150731e+00
   6.8404352e-01
   6.2316776e-01
   6.1556160e+00
   4.2662582e+00
   2.5761912e+00
   3.1229817e+00
   6.4079619e-01
   3.4769828e+00
   4.8860251e-01
   3.9270999e+00
   5.2925674e-01
   1.1864895e+01
   6.5978830e+00
   3.4710271e+00
   6.3580937e-01
   1.2257335e+00
   5.5851919e-01
