   1.2911750e+02
   3.2197500e+01
   4.8950000e+00
   8.1175000e+00
   3.3015000e+01
   1.4547000e+02
   1.8810000e+01
   5.8525000e+00
   9.3727500e+01
   3.4092500e+01
   7.7825000e+00
   6.6425000e+00
   8.6775000e+00
   2.5137500e+01
   6.4212500e+01
   4.6075000e+00
   3.2400000e+00
   1.7035000e+01
   4.3210000e+01
   7.8342500e+01
   1.3095000e+01
   1.4830000e+01
   9.7275000e+00
   4.1622500e+01
   1.2975000e+00
   5.2800000e+01
   4.4075000e+00
   6.6302500e+01
   2.6335000e+01
   2.7210000e+01
   7.8785000e+01
   7.6305000e+01
   8.8325000e+00
   1.5051250e+02
   4.3800000e+00
   9.1782500e+01
   1.1663250e+02
   2.1887500e+01
   1.0747500e+01
   9.5600000e+00
   1.6139750e+02
   1.4829250e+02
   1.1335000e+01
   1.7988000e+02
   4.6250000e-01
