   5.3532500e+01
   9.5597500e+01
   1.4555000e+01
   3.5175000e+00
   7.6750000e+00
   1.8065000e+01
   7.6925000e+00
   2.5897500e+01
   2.5740000e+01
   1.3777500e+01
   4.8000000e+00
   2.7122500e+01
   1.4260750e+02
   2.6997500e+01
   1.9032500e+01
   1.9822500e+01
   1.6505000e+01
   1.0530000e+01
   1.5957500e+01
   1.7018750e+02
   2.4527500e+01
   1.9017500e+01
   1.9240000e+01
   7.0562500e+01
   5.5907500e+01
   1.2272500e+01
   1.4267500e+01
   1.3680000e+01
   2.6005000e+01
   7.9250000e-01
   9.2550000e+00
   1.1160000e+01
   2.2762500e+01
   1.6500000e-01
   1.6680000e+01
   2.2250000e-01
   1.5593500e+02
   3.5112500e+01
   1.0368750e+02
   5.8325000e+00
   3.6825000e+00
   1.7792500e+01
   4.7065000e+01
   9.9800000e+00
   8.4982500e+01
   2.0305000e+01
   3.8022500e+01
   8.6100000e+00
   3.8022500e+01
   3.4600000e+00
   1.9390000e+01
   1.4940000e+01
   1.7412500e+01
   1.6677500e+01
   1.5637500e+02
   4.4320000e+01
   1.1459500e+02
   7.4275000e+00
   1.1107500e+01
   7.5925000e+00
   3.0692500e+01
   6.3375000e+00
   7.3685000e+01
   3.4955000e+01
   5.8425000e+00
   4.7845000e+01
   1.8492500e+01
   1.4030000e+01
   7.5050000e+00
   2.2777500e+01
   2.7087500e+01
