   1.2821759e+01
   6.4027440e+00
   2.4964991e+00
   3.2148907e+00
   6.4835178e+00
   1.3609488e+01
   4.8938365e+00
   2.7297682e+00
   1.0924173e+01
   6.5884687e+00
   3.1478543e+00
   2.9081770e+00
   3.3239338e+00
   5.6573898e+00
   9.0420072e+00
   2.4220758e+00
   2.0310825e+00
   4.6572133e+00
   7.4173230e+00
   9.9874306e+00
   4.0832673e+00
   4.3453587e+00
   3.5192951e+00
   7.2797948e+00
   1.2853125e+00
   8.1992102e+00
   2.3689245e+00
   9.1879794e+00
   5.7905754e+00
   5.8859874e+00
   1.0015597e+01
   9.8567004e+00
   3.3534890e+00
   1.3843355e+01
   2.3615226e+00
   1.0810232e+01
   1.2186103e+01
   5.2790180e+00
   3.6992083e+00
   3.4888637e+00
   1.4335190e+01
   1.3740883e+01
   3.7989696e+00
   1.5133748e+01
   7.6738080e-01
