   2.4527651e+00
   2.9136446e+00
   2.5817453e+00
   3.7086615e+00
   6.5309666e-01
   1.0249323e+01
   3.6121354e+00
   2.3268973e+00
   4.9536360e+00
   4.9475277e+00
   1.8948708e+00
   6.0502592e+00
   5.9830703e+00
   8.5407197e+00
   6.4844997e+00
   2.1170270e+00
   4.7596339e+00
   1.7758534e+01
   1.2968877e+01
   3.8839034e+00
   2.4345287e+00
   3.1194123e+00
   5.3633632e+00
   7.1876070e+00
   4.1440099e+00
   2.9359550e+00
   4.2572955e+00
   3.9055614e+00
   1.7269087e+01
   5.6461257e+00
   6.4542401e+00
   3.6498313e+00
   1.0469328e+01
   3.8695345e+00
   6.5407070e+00
   1.0994461e+01
   3.8933169e+00
   5.4023915e+00
   5.6226807e+00
   4.9840650e+00
   3.9902206e+00
   5.3303227e+00
   2.9827439e+00
   3.9299358e+00
   6.1073360e+00
   2.1320097e+00
   3.9742341e+00
   3.7504818e+00
   1.4462194e+01
   3.9597910e+00
   4.4649466e+00
   5.1804157e+00
   3.7500574e+00
   5.7801216e+00
   3.2439675e+00
   4.9523506e+00
   2.5915900e+00
   2.0652730e+00
   3.4420189e+00
   1.3529379e+01
   8.0600164e+00
   6.5221878e+00
   3.5256207e+00
   1.2412043e+01
   2.2637997e+00
   5.8748907e+00
   1.1583624e+01
   5.1403214e+00
