   1.5500000e-01
   3.0250000e-01
   2.9595000e+01
   2.1500000e-01
   2.6250000e-01
   1.5092500e+01
   2.9750000e-01
   2.7650000e+00
   3.8025000e+00
   3.2467500e+01
   1.4080000e+01
   2.3000000e-01
   9.7500000e-02
   1.4250000e-01
   2.7145000e+01
   1.1350000e+00
   8.5200000e+00
   2.0927500e+01
   8.1427500e+01
   1.5270750e+02
   7.2000000e-01
   4.5375000e+00
   1.3225000e+00
   9.9257500e+01
   5.9400000e+00
   2.3850000e+00
   1.4425000e+00
   1.7650000e+00
   1.5397500e+01
   2.5725000e+00
   1.4000000e-01
   8.1225000e+00
   8.8000000e+00
   2.4725000e+00
   1.5532500e+01
   6.4350000e+00
   1.3857500e+01
   9.0000000e-02
   7.4997500e+01
   7.6292500e+01
   8.8050000e+00
   1.8500000e-01
   4.5650000e+01
   9.1500000e-01
   2.3771750e+02
   1.5250000e-01
   8.1975000e+00
   1.0100000e+01
   9.4875000e+00
   6.3250000e-01
   2.4525000e+00
   9.5600000e+00
   8.1575000e+00
   6.8647500e+01
   2.8750000e+00
   1.6500000e+00
   8.3300000e+00
   9.1525000e+00
   5.3500000e-01
   2.2675000e+00
   1.6790000e+01
   2.4525000e+00
   8.2875000e+00
   3.9260000e+01
   2.2347500e+01
   1.0032500e+01
   2.8617500e+01
   2.1735000e+01
   9.0312500e+01
   1.1072500e+01
   1.2800000e+00
   3.4565000e+01
   8.3100000e+00
   4.4395000e+01
   4.2587500e+01
   3.2800000e+00
   1.5400000e+00
   1.7640000e+01
   2.2187500e+01
   3.6750000e-01
   3.0500000e-01
   2.9760000e+01
   1.4295000e+01
   5.2125000e+00
   7.6600000e+00
   3.2250000e-01
   9.4950000e+00
   1.8750000e-01
   1.2112500e+01
   2.2000000e-01
   1.1056500e+02
   3.4190000e+01
   9.4625000e+00
   3.1750000e-01
   1.1800000e+00
   2.4500000e-01
