   3.8500000e-01
   5.8987500e+01
   6.0250000e+00
   6.5000000e-02
   4.9597500e+01
   1.5250000e-01
   1.4295000e+01
   7.0450000e+00
   2.6100000e+00
   1.7510500e+02
   1.2851250e+02
   1.5154250e+02
   1.1470000e+01
   8.7475000e+00
   1.5885000e+01
   1.2350000e+01
   1.7432750e+02
   1.0347500e+01
   1.0250000e+00
   1.5016000e+02
   1.5783500e+02
   7.4000000e+01
   6.2375000e+00
   1.9350000e+00
   1.8117500e+01
   2.9875000e+00
   4.4025000e+00
   1.0810000e+01
   8.7725000e+00
   4.9250000e+00
   1.5260000e+01
   1.9902500e+01
   5.4725000e+00
   3.0675000e+00
   1.7241500e+02
   4.8850000e+00
   6.7197500e+01
   5.0750000e-01
   6.3935000e+01
   2.7240000e+01
   3.8725000e+00
   5.1237500e+01
   2.2235000e+01
   1.0922500e+01
   2.4540000e+01
   7.3230000e+01
