   4.7250000e+00
   6.6675000e+00
   5.2350000e+00
   1.0802500e+01
   3.3500000e-01
   8.2505000e+01
   1.0247500e+01
   4.2525000e+00
   1.9272500e+01
   1.9225000e+01
   2.8200000e+00
   2.8750000e+01
   2.8115000e+01
   5.7290000e+01
   3.3025000e+01
   3.5200000e+00
   1.7792500e+01
   2.4768750e+02
   1.3209750e+02
   1.1847500e+01
   4.6550000e+00
   7.6425000e+00
   2.2592500e+01
   4.0575000e+01
   1.3487500e+01
   6.7700000e+00
   1.4235000e+01
   1.1980000e+01
   2.3422250e+02
   2.5037500e+01
   3.2717500e+01
   1.0462500e+01
   8.6085000e+01
   1.1760000e+01
   3.3600000e+01
   9.4937500e+01
   1.1905000e+01
   2.2922500e+01
   2.4830000e+01
   1.9510000e+01
   1.2505000e+01
   2.2315000e+01
   6.9875000e+00
   1.2130000e+01
   2.9295000e+01
   3.5700000e+00
   1.2405000e+01
   1.1047500e+01
   1.6427000e+02
   1.2315000e+01
   1.5657500e+01
   2.1077500e+01
   1.1045000e+01
   2.6240000e+01
   8.2650000e+00
   1.9262500e+01
   5.2750000e+00
   3.3500000e+00
   9.3050000e+00
   1.4376250e+02
   5.1022500e+01
   3.3410000e+01
   9.7625000e+00
   1.2099750e+02
   4.0250000e+00
   2.7107500e+01
   1.0538500e+02
   2.0752500e+01
