   8.2558886e+00
   1.1032612e+01
   4.3048811e+00
   2.1162751e+00
   3.1260380e+00
   4.7959433e+00
   3.1295998e+00
   5.7422749e+00
   5.7247870e+00
   4.1883240e+00
   2.4721549e+00
   5.8765159e+00
   1.3474921e+01
   5.8629587e+00
   4.9226956e+00
   5.0238223e+00
   4.5841923e+00
   3.6615861e+00
   4.5075182e+00
   1.4720376e+01
   5.5883256e+00
   4.9207553e+00
   4.9494574e+00
   9.4785529e+00
   8.4370398e+00
   3.9529524e+00
   4.2621526e+00
   4.1734778e+00
   5.7541806e+00
   1.0045110e+00
   3.4327587e+00
   3.7695296e+00
   5.3835040e+00
   4.5834978e-01
   4.6084309e+00
   5.3225539e-01
   1.4090515e+01
   6.6863012e+00
   1.1489953e+01
   2.7250999e+00
   2.1653417e+00
   4.7596339e+00
   7.7411252e+00
   3.5646782e+00
   1.0402071e+01
   5.0845972e+00
   6.9578553e+00
   3.3109806e+00
   6.9578553e+00
   2.0989066e+00
   4.9687136e+00
   4.3614446e+00
   4.7085331e+00
   4.6080856e+00
   1.4110380e+01
   7.5119889e+00
   1.2079192e+01
   3.0752214e+00
   3.7606526e+00
   3.1091914e+00
   6.2513122e+00
   2.8406259e+00
   9.6860031e+00
   6.6712884e+00
   2.7274351e+00
   7.8050078e+00
   4.8523584e+00
   4.2265294e+00
   3.0912235e+00
   5.3852775e+00
   5.8727231e+00
