   7.0014086e-01
   8.6663267e+00
   2.7697054e+00
   2.8768137e-01
   7.9466659e+00
   4.4064615e-01
   4.2662582e+00
   2.9949913e+00
   1.8229523e+00
   1.4931531e+01
   1.2791685e+01
   1.3890641e+01
   3.8215256e+00
   3.3373137e+00
   4.4972670e+00
   3.9654140e+00
   1.4898344e+01
   3.6297171e+00
   1.1423968e+00
   1.3827135e+01
   1.4176098e+01
   9.7066846e+00
   2.8181256e+00
   1.5696237e+00
   4.8029072e+00
   1.9503341e+00
   2.3675804e+00
   3.7099487e+00
   3.3420793e+00
   2.5041375e+00
   4.4079060e+00
   5.0339497e+00
   2.6396597e+00
   1.9762749e+00
   1.4816396e+01
   2.4939477e+00
   9.2497846e+00
   8.0384642e-01
   9.0224481e+00
   5.8892313e+00
   2.2205000e+00
   8.0769803e+00
   5.3207595e+00
   3.7292035e+00
   5.5897494e+00
   9.6560516e+00
