   5.7147698e+00
   8.8784154e+00
   2.5243938e+00
   5.2427148e+00
   1.0442081e+01
   1.5477932e+01
   7.4926841e+00
   2.3534213e+00
   1.6322542e+00
   3.2173650e+00
   3.4401688e+00
   1.3305667e+01
   5.7960698e+00
   1.1650071e+01
   6.3875630e+00
   1.2329963e+01
   6.6552852e+00
   1.1640231e+01
   8.8628060e+00
   6.2099310e+00
   4.4510232e+00
   9.3132304e+00
   4.5328692e+00
   7.7948054e+00
   7.8145858e+00
   6.7356297e+00
   6.6447546e+00
   5.2180674e+00
   7.8879676e+00
   9.5162578e+00
   1.1383075e+01
   7.1634305e+00
   4.8980625e+00
   2.5780439e+00
   4.9590949e+00
   1.3224561e+01
   7.0796239e+00
   7.0374594e+00
   3.7859601e+00
   9.3901556e+00
   1.3634141e+01
   8.8446502e+00
   3.7716401e+00
   1.0325440e+01
   4.0452826e+00
   3.9428739e+00
   4.9175199e+00
   5.1089540e-01
   8.5688121e+00
   1.2277056e+01
