   2.5650000e+01
   6.1910000e+01
   5.0050000e+00
   2.1587500e+01
   8.5637500e+01
   1.8815500e+02
   4.4092500e+01
   4.3500000e+00
   2.0925000e+00
   8.1300000e+00
   9.2950000e+00
   1.3904750e+02
   2.6385000e+01
   1.0659750e+02
   3.2045000e+01
   1.1940250e+02
   3.4787500e+01
   1.0641750e+02
   6.1692500e+01
   3.0287500e+01
   1.5560000e+01
   6.8122500e+01
   1.6137500e+01
   4.7720000e+01
   4.7962500e+01
   3.5632500e+01
   3.4677500e+01
   2.1385000e+01
   4.8867500e+01
   7.1125000e+01
   1.0176750e+02
   4.0302500e+01
   1.8842500e+01
   5.2200000e+00
   1.9315000e+01
   1.3735750e+02
   3.9365000e+01
   3.8897500e+01
   1.1257500e+01
   6.9252500e+01
   1.4599750e+02
   6.1440000e+01
   1.1172500e+01
   8.3735000e+01
   1.2852500e+01
   1.2210000e+01
   1.8992500e+01
   2.0500000e-01
   5.7667500e+01
   1.1838000e+02
