   2.7245000e+01
   1.1870000e+01
   2.4870000e+01
   8.7450000e+00
   4.2575000e+00
   1.4280000e+01
   8.0600000e+00
   6.9500000e-01
   1.9475000e+01
   2.5250000e+00
   1.0910000e+01
   1.9222500e+01
   2.6852500e+01
   1.8892500e+01
   5.3327500e+01
   4.7150000e+00
   2.8250000e-01
   3.2830000e+01
   1.7955000e+01
   7.4575000e+00
   9.7525000e+00
   1.1340000e+01
   8.7975000e+00
   1.4630000e+01
   2.1690000e+01
   1.5172500e+01
   2.3775000e+00
   6.7250000e+00
   1.4717500e+01
   9.7500000e-01
   3.0582500e+01
   2.4055000e+01
   2.6325000e+01
   1.3635000e+01
   1.7317500e+01
   1.5292500e+01
   1.2955000e+01
   1.5527500e+01
   1.8727500e+01
   4.6725000e+00
   1.6000000e+00
   7.4250000e+00
   4.0450000e+00
   6.3125000e+00
   7.4025000e+00
   2.2195000e+01
   1.1705000e+01
   2.5545000e+01
   2.1560000e+01
   2.3512500e+01
   1.4972500e+01
   1.3495000e+01
   9.4700000e+00
   1.3227500e+01
   1.9075000e+00
   6.3475000e+00
   1.2047500e+01
   8.8375000e+00
   4.3410000e+01
   5.9300000e+00
   2.6750000e-01
   8.0250000e-01
   6.7600000e+00
   1.1250000e-01
   6.0575000e+00
   4.7375000e+00
   1.8250000e-01
   1.5452500e+01
   1.9500000e-01
   3.8175000e+00
   2.2000000e-01
   1.5887500e+01
   1.6725000e+00
   5.6625000e+00
   1.1500000e-01
   4.1572500e+01
   3.9000000e+00
   1.7847500e+01
   1.7250000e-01
   2.5225000e+01
   1.6972500e+01
   1.9750000e-01
   1.8315000e+01
   3.6500000e-01
   9.6200000e+00
   1.1112500e+01
   5.9500000e-01
   6.8550000e+00
   1.4200000e+01
   6.9250000e-01
   3.7135000e+01
   2.7975000e+00
   7.5875000e+00
   3.0800000e+00
   1.3317500e+01
   9.7500000e-02
   1.8125000e+00
   7.0450000e+00
   2.4665000e+01
   2.0775000e+00
   4.1500000e+00
   1.6132500e+01
   5.8875000e+00
   3.3525000e+00
   3.3445000e+01
   1.7332500e+01
   1.0187500e+01
   1.0260000e+01
   2.2567500e+01
   9.0000000e-02
   9.6900000e+00
   1.0465000e+01
   7.1625000e+00
   2.8725000e+00
   1.4555000e+01
   5.7725000e+00
   4.8975000e+00
   1.1337500e+01
   2.1745000e+01
   1.9757500e+01
   8.6750000e+00
   1.2250000e-01
   1.6640000e+01
   6.5250000e+00
   1.0000000e-01
   2.3430000e+01
   2.1295000e+01
   1.0757500e+01
   4.0000000e-02
   2.5250000e-01
   9.6425000e+00
   1.6527500e+01
   4.9100000e+00
   8.2150000e+00
   5.4500000e-01
   8.0750000e-01
   4.4025000e+00
   1.0395000e+01
   1.4400000e+01
   2.1475000e+00
   1.6525000e+01
   2.1160000e+01
   3.2825000e+00
   6.5000000e+00
   2.6025000e+00
   7.0575000e+00
   9.3750000e-01
   1.0120000e+01
   4.5750000e-01
   1.7000000e-01
   1.3352500e+01
   1.6350000e+01
   7.1150000e+00
   6.1350000e+00
   2.1750000e+00
   1.4865000e+01
   1.8950000e+00
   9.7425000e+00
   1.7770000e+01
   1.5475000e+00
   1.6475000e+00
   5.9500000e-01
   6.7500000e-02
   8.0975000e+00
   3.7750000e-01
   5.7750000e-01
   5.3475000e+00
   4.1825000e+00
   1.1857500e+01
   3.0140000e+01
   1.0695000e+01
   6.5850000e+00
   1.2262500e+01
   1.1297500e+01
   2.4750000e-01
   8.2275000e+00
   1.5980000e+01
   2.2975000e+00
   1.4610000e+01
   2.1575000e+00
   7.5100000e+00
   2.3050000e+00
   1.4455000e+01
   8.2700000e+00
   6.0500000e-01
   3.7250000e-01
   9.2500000e-02
   6.2000000e-01
   6.2500000e-01
   9.5000000e-02
   8.4325000e+00
   1.5510000e+01
   2.5750000e-01
   9.9700000e+00
   5.5000000e-02
   5.0725000e+00
   1.0000000e-01
   1.3650000e+00
   1.5312500e+01
   4.1575000e+00
   1.3425000e+01
   3.2755000e+01
   8.9250000e+00
   1.8160000e+01
   1.5000000e-01
   2.7000000e-01
   7.7125000e+00
   8.7500000e-02
   2.1500000e-01
   1.1325000e+00
   6.5075000e+00
   1.2695000e+01
   5.1250000e-01
   3.1000000e-01
   1.5000000e-01
   2.0500000e-01
   8.2200000e+00
   3.1800000e+00
   1.2587500e+01
   9.8900000e+00
   1.7750000e-01
   9.0000000e-02
   1.1500000e-01
   1.2877500e+01
   1.1035000e+01
   1.8082500e+01
   4.7500000e-01
   1.1932500e+01
   7.2500000e-02
   4.4000000e-01
