   2.6500000e-01
   2.7875000e+00
   5.7075000e+00
   1.6717500e+01
   1.3115000e+01
   2.4700000e+00
   3.3325000e+00
   7.5225000e+00
   3.8775000e+00
   1.5785000e+01
   1.3962500e+01
   3.8517500e+01
   2.8260000e+01
   1.5215000e+01
   1.5435000e+01
   1.4220000e+01
   1.1227500e+01
   2.8010000e+01
   2.2375000e+01
   1.5292500e+01
   6.7947500e+01
   1.4750000e+01
   1.3507500e+01
   1.6097500e+01
   8.4600000e+00
   1.5580000e+01
   1.5682500e+01
   1.2192500e+01
   1.6425000e+01
   1.3315000e+01
   1.2510000e+01
   1.9907500e+01
   2.3687500e+01
   1.2900000e+00
   1.3497500e+01
   1.6985000e+01
   1.2792500e+01
   1.9297500e+01
   1.0895000e+01
   2.6207500e+01
   1.1212500e+01
   6.6750000e+00
   1.0135000e+01
   4.6200000e+00
   8.1850000e+00
   1.5115000e+01
   1.9275000e+00
   8.8550000e+00
   5.4300000e+00
   3.3780000e+01
   2.3682500e+01
   1.5982500e+01
   8.2725000e+00
   2.0850000e+01
   1.4215000e+01
   4.1200000e+00
   8.8525000e+00
   9.6925000e+00
   9.1550000e+00
   6.6600000e+00
   2.1380000e+01
   8.2000000e+00
   1.5320000e+01
   1.0360000e+01
   1.2412500e+01
   2.2600000e+00
   5.5650000e+00
   2.2382500e+01
   1.6325000e+00
   1.4217500e+01
   3.4645000e+01
   2.5175000e+00
   2.4237500e+01
   6.5600000e+00
   8.1950000e+00
   1.5412500e+01
   7.4650000e+00
   4.2725000e+00
   3.2260000e+01
   7.7875000e+00
   6.1250000e+00
   1.5000000e+00
   1.7575000e+00
   1.7325000e+00
   1.9500000e+00
   1.7325000e+00
   6.5300000e+00
   7.9545000e+01
   6.5375000e+00
   1.8700000e+00
   1.3860000e+01
   7.8225000e+00
   4.3650000e+00
   1.0772500e+01
   6.6675000e+00
   2.0850000e+01
   1.3587500e+01
   1.0407500e+01
   2.4625000e+00
   8.0250000e-01
   1.1542500e+01
   1.3212500e+01
   6.1500000e+00
   9.4675000e+00
   1.0817500e+01
   9.2925000e+00
   7.4950000e+00
   2.3377500e+01
   4.5825000e+00
   1.5875000e+00
   1.3905000e+01
   6.4425000e+00
   1.2637500e+01
   9.3150000e+00
   7.9675000e+00
   1.5797500e+01
   4.0600000e+00
   1.4327500e+01
   6.9225000e+00
   1.2725000e+01
   2.5375000e+01
   4.3400000e+00
   1.4800000e+00
   1.1480000e+01
   2.4645000e+01
   3.9225000e+00
   3.5950000e+00
   2.5822500e+01
   1.0215000e+01
   1.1677500e+01
   2.0645000e+01
   1.0662500e+01
   2.8200000e+00
   9.2775000e+00
   5.4975000e+00
   1.4172500e+01
   5.1650000e+00
   2.0037500e+01
   8.6150000e+00
   1.1800000e+01
   5.8550000e+00
   2.0707500e+01
   1.4530000e+01
   9.5675000e+00
   1.7820000e+01
   3.1025000e+00
   1.4327500e+01
   6.5075000e+00
   2.1250000e-01
   3.1125000e+00
   6.5725000e+00
   9.3800000e+00
   2.1725000e+00
   3.1150000e+01
   2.3535000e+01
   1.0615000e+01
   8.3225000e+00
   5.4600000e+00
   9.8975000e+00
   4.0875000e+00
   7.7300000e+00
   6.8250000e+00
   7.5225000e+00
   2.1372500e+01
   4.5575000e+00
   1.7287500e+01
   1.7675000e+01
   2.1317500e+01
   4.3800000e+00
   4.7907500e+01
   7.9900000e+00
   3.9532500e+01
   2.0895000e+01
   1.0807500e+01
   5.5100000e+00
   6.4750000e+00
   9.9100000e+00
   1.1002500e+01
   1.1190000e+01
   5.8350000e+00
   7.6900000e+00
   1.0105000e+01
   4.2950000e+00
   6.2750000e+00
   1.7230000e+01
   5.1675000e+00
   5.1900000e+00
   1.4462500e+01
   3.7775000e+00
   1.2725000e+00
   9.8275000e+00
