   5.7650000e+00
   6.6100000e+00
   2.8500000e+00
   9.4650000e+00
   1.2045000e+01
   1.8965000e+01
   2.3750000e-01
   8.2925000e+00
   6.4775000e+00
   4.0400000e+00
   2.9425000e+00
   1.6625000e+00
   3.3965000e+01
   6.6400000e+00
   6.4700000e+00
   7.6325000e+00
   2.5450000e+00
   2.8525000e+00
   2.5775000e+00
   1.2620000e+01
   4.4750000e-01
   2.7677500e+01
   3.6970000e+01
   6.9500000e-01
   5.4250000e-01
   9.6750000e-01
   7.6922500e+01
   4.1835000e+01
   7.3550000e+00
   2.0275000e+00
   1.6807500e+01
   1.0840000e+01
   3.8250000e+00
   7.9125000e+00
   5.8790000e+01
   2.9087500e+01
   2.6795000e+01
   1.4217500e+01
   1.1010000e+01
   3.4100000e+00
   2.7865000e+01
   6.6175000e+00
   5.7400000e+00
   1.6080000e+01
   4.5250000e+00
   8.5400000e+00
   6.0925000e+00
   1.1452500e+01
   1.4492500e+01
   1.6865000e+01
   8.4925000e+00
   4.6125000e+00
   2.2275000e+00
   1.5700000e+00
   2.9957500e+01
   7.8750000e-01
   1.5200000e+00
   1.3200000e+00
   3.1725000e+00
   4.8225000e+00
   1.0957500e+01
   3.2867500e+01
   5.6350000e+00
   1.3407500e+01
   9.5075000e+00
   3.1350000e+00
   7.2875000e+00
   1.1735000e+01
   2.4450000e+00
   1.4257500e+01
   1.8600000e+00
   1.5517500e+01
   2.8125000e+00
   1.1585000e+01
   1.0725000e+01
   1.2982500e+01
   1.3602500e+01
   3.3725000e+00
   1.1800000e+01
   1.2075000e+00
   1.9267500e+01
   4.7655000e+01
   3.2200000e+00
   5.3500000e-01
   4.8100000e+00
   1.6042500e+01
   4.7915000e+01
   1.8522500e+01
   9.9725000e+00
   6.3625000e+00
   1.9775000e+00
   1.7840000e+01
   7.6550000e+00
   3.3750000e-01
   6.1825000e+00
   1.8475000e+00
   4.0847500e+01
   1.3500000e+00
   4.4150000e+00
   8.2725000e+01
   4.8500000e+00
   4.3475000e+00
   8.8125000e+00
   3.4425000e+00
   1.4807500e+01
   2.9450000e+00
   9.4375000e+00
   2.2885000e+01
   1.1530000e+01
   1.2050000e+01
   6.4850000e+00
   1.2052500e+01
   9.0600000e+00
   6.9850000e+00
   1.6500000e+01
   5.0157500e+01
   7.5175000e+00
   9.8275000e+00
   8.6975000e+00
   3.9625000e+00
   2.0650000e+00
   5.2050000e+00
   1.1200000e+00
   1.2735000e+01
   3.6500000e-01
   4.2425000e+00
   2.9682500e+01
   5.8150000e+00
   1.8145000e+01
   9.9825000e+00
   1.1225000e+01
   6.5525000e+00
   1.7467500e+01
   1.0050000e+00
   4.0125000e+00
   4.4200000e+00
   1.9830000e+01
   1.0575000e+00
   1.1950000e+00
   7.1150000e+00
   4.8850000e+00
   1.0600000e+00
   7.0975000e+00
   5.8625000e+00
   2.1050000e+00
   1.1725000e+01
   4.8225000e+00
   9.2300000e+00
   2.7900000e+00
   1.8350000e+00
   2.4575000e+00
   6.4550000e+00
   5.7250000e-01
   4.3425000e+00
   2.6775000e+00
   3.6325000e+00
   1.1905000e+01
   9.1650000e+00
   2.1800000e+00
   4.9275000e+00
   7.7250000e-01
   9.9750000e+00
   5.2195000e+01
   7.8550000e+00
   2.5300000e+01
   1.8630000e+01
   1.2277500e+01
   3.6250000e+01
   2.3450000e+00
   3.5850000e+00
   1.1490000e+01
   7.0300000e+00
   6.7500000e-02
   1.1500000e+00
   1.2150000e+01
   1.8950000e+01
   7.6250000e+00
   1.1797500e+01
   2.3192500e+01
   1.4517500e+01
   2.0792500e+01
   2.8815000e+01
   1.6817500e+01
   4.3625000e+00
   7.8975000e+00
   1.3260000e+01
   1.7675000e+00
   3.8625000e+00
   5.0125000e+00
   9.3625000e+00
   9.6750000e+00
   6.2125000e+00
   5.5275000e+00
   8.7500000e-02
   1.3520000e+01
   1.6750000e-01
   2.1777500e+01
   5.7000000e+00
   4.6600000e+00
   1.1115000e+01
   3.7252500e+01
   1.4250000e-01
   2.4900000e+00
