   3.6665000e+01
   7.4850000e+00
   3.5655000e+01
   4.8440000e+01
   1.0730000e+01
   9.6500000e+00
   1.4447500e+01
   1.2842500e+01
   4.7500000e+00
   6.1225000e+00
   5.8350000e+00
   2.0185000e+01
   2.4825000e+00
   2.8920000e+01
   1.4255000e+01
   3.6012500e+01
   3.3800000e+00
   1.2555000e+01
   1.2487500e+01
   4.8075000e+00
   1.0900000e+00
   8.3900000e+00
   8.5875000e+00
   6.8645000e+01
   4.2040000e+01
   1.2222500e+01
   7.6925000e+00
   2.1302500e+01
   1.1660000e+01
   3.1447500e+01
   6.4625000e+00
   2.3690000e+01
   3.4010000e+01
   1.9150000e+00
   3.4300000e+00
   2.0025000e+00
   1.2037500e+01
   1.5217500e+01
   9.1810000e+01
   2.0275000e+00
   2.1395000e+01
   5.9750000e+00
   3.0007500e+01
