   6.8325199e+00
   3.0871019e+00
   6.7377560e+00
   7.8533893e+00
   3.6961954e+00
   3.5052477e+00
   4.2889542e+00
   4.0437086e+00
   2.4592454e+00
   2.7920260e+00
   2.7256839e+00
   5.0695503e+00
   1.7778687e+00
   6.0681206e+00
   4.2602852e+00
   6.7714503e+00
   2.0744999e+00
   3.9981899e+00
   3.9874276e+00
   2.4740855e+00
   1.1780624e+00
   3.2684063e+00
   3.3066516e+00
   9.3488785e+00
   7.3162142e+00
   3.9448917e+00
   3.1295998e+00
   5.2079925e+00
   3.8530472e+00
   6.3277327e+00
   2.8685032e+00
   5.4920893e+00
   6.5804921e+00
   1.5614909e+00
   2.0897875e+00
   1.5967662e+00
   3.9149229e+00
   4.4017636e+00
   1.0811851e+01
   1.6067026e+00
   5.2192873e+00
   2.7581889e+00
   6.1811597e+00
