   5.8086873e-01
   1.8839202e+00
   2.6957401e+00
   4.6136084e+00
   4.0863843e+00
   1.7733871e+00
   2.0598715e+00
   3.0948254e+00
   2.2219330e+00
   4.4830889e+00
   4.2163500e+00
   7.0029997e+00
   5.9984789e+00
   4.4014020e+00
   4.4331087e+00
   4.2550519e+00
   3.7809122e+00
   5.9718874e+00
   5.3374839e+00
   4.4125974e+00
   9.3012603e+00
   4.3336224e+00
   4.1470813e+00
   4.5272479e+00
   3.2820126e+00
   4.4538828e+00
   4.4685097e+00
   3.9400474e+00
   4.5730689e+00
   4.1174245e+00
   3.9910183e+00
   5.0345820e+00
   5.4917995e+00
   1.2815924e+00
   4.1455459e+00
   4.6503735e+00
   4.0358291e+00
   4.9568478e+00
   3.7245060e+00
   5.7765410e+00
   3.7783857e+00
   2.9152828e+00
   3.5922532e+00
   2.4253591e+00
   3.2282295e+00
   4.3869141e+00
   1.5665788e+00
   3.3577576e+00
   2.6293898e+00
   6.5582034e+00
   5.4912199e+00
   4.5110477e+00
   3.2454390e+00
   5.1523824e+00
   4.2543037e+00
   2.2903596e+00
   3.3572836e+00
   3.5129581e+00
   3.4141629e+00
   2.9120054e+00
   5.2174574e+00
   3.2311862e+00
   4.4165631e+00
   3.6319088e+00
   3.9754353e+00
   1.6963258e+00
   2.6618749e+00
   5.3383784e+00
   1.4417224e+00
   4.2546778e+00
   6.6416402e+00
   1.7903577e+00
   5.5551907e+00
   2.8900608e+00
   3.2302009e+00
   4.4298764e+00
   3.0829747e+00
   2.3323627e+00
   6.4089553e+00
   3.1488653e+00
   2.7925960e+00
   1.3819766e+00
   1.4959006e+00
   1.4852231e+00
   1.5756958e+00
   1.4852231e+00
   2.8834449e+00
   1.0063789e+01
   2.8851003e+00
   1.5430353e+00
   4.2008452e+00
   3.1559335e+00
   2.3574755e+00
   3.7035082e+00
   2.9136446e+00
   5.1523824e+00
   4.1593440e+00
   3.6402253e+00
   1.7706926e+00
   1.0108287e+00
   3.8335842e+00
   4.1015457e+00
   2.7982893e+00
   3.4719440e+00
   3.7112355e+00
   3.4397062e+00
   3.0891634e+00
   5.4557454e+00
   2.4154959e+00
   1.4217130e+00
   4.2076592e+00
   2.8640611e+00
   4.0113046e+00
   3.4438679e+00
   3.1850488e+00
   4.4848636e+00
   2.2736210e+00
   4.2711052e+00
   2.9688383e+00
   4.0251675e+00
   5.6840526e+00
   2.3507147e+00
   1.3727325e+00
   3.8231911e+00
   5.6016952e+00
   2.2347891e+00
   2.1394617e+00
   5.7339540e+00
   3.6064029e+00
   3.8559376e+00
   5.1269904e+00
   3.6845511e+00
   1.8948708e+00
   3.4369288e+00
   2.6456822e+00
   4.2479392e+00
   2.5644263e+00
   5.0509937e+00
   3.3119418e+00
   3.8761097e+00
   2.7303512e+00
   5.1347452e+00
   4.3011825e+00
   3.4902320e+00
   4.7633107e+00
   1.9875175e+00
   4.2711052e+00
   2.8784729e+00
   5.2015709e-01
   1.9907180e+00
   2.8928130e+00
   3.4558627e+00
   1.6631635e+00
   6.2977307e+00
   5.4740929e+00
   3.6763348e+00
   3.2552321e+00
   2.6366433e+00
   3.5499139e+00
   2.2813081e+00
   3.1372188e+00
   2.9478568e+00
   3.0948254e+00
   5.2165422e+00
   2.4088979e+00
   4.6916019e+00
   4.7438918e+00
   5.2098257e+00
   2.3615226e+00
   7.8101039e+00
   3.1895429e+00
   7.0946700e+00
   5.1579395e+00
   3.7095197e+00
   2.6486883e+00
   2.8712760e+00
   3.5521548e+00
   3.7428356e+00
   3.7745928e+00
   2.7256839e+00
   3.1290913e+00
   3.5869326e+00
   2.3384961e+00
   2.8265842e+00
   4.6837931e+00
   2.5650469e+00
   2.5706251e+00
   4.2911801e+00
   2.1930942e+00
   1.2728697e+00
   3.5373382e+00
