   5.5362495e+00
   5.3876413e+00
   4.0405586e+00
   1.6878606e+00
   2.9683021e+00
   3.3301526e+00
   4.5486418e-01
   1.0674968e+00
   1.3291425e+00
   3.5824928e+00
   5.9548066e+00
   5.4376286e+00
   1.6793527e+00
   1.1658401e+00
   1.1794127e+00
   2.1748758e+00
   2.0660435e+00
   8.0779655e-01
   4.1343973e+00
   5.9172703e-01
   3.0188097e+00
   2.9316151e+00
   3.1346812e+00
   2.4624791e+00
   3.8699458e+00
   1.8948708e+00
   3.5517067e+00
   4.4848636e+00
   4.8365890e+00
   4.2321741e+00
   8.5749393e-01
   4.0609894e+00
   1.0280023e+00
   1.5170302e+00
   2.4958615e+00
   3.3177034e+00
   3.3813741e+00
   7.1141600e-01
   4.2253996e+00
   2.6552898e+00
   2.9795407e+00
   6.5124196e+00
   2.2169133e+00
   3.3133832e+00
   3.4920555e+00
   1.7778687e+00
   9.7883234e-01
   5.6562644e+00
   1.8805379e+00
   3.1214525e+00
   3.8468463e+00
   1.1954963e+00
   2.5983365e+00
   2.8344561e+00
   7.9987679e-01
   1.3458021e+00
   1.8071689e+00
   1.3074112e+00
   4.1185840e+00
   2.3923235e+00
   3.4801855e+00
   5.1279216e+00
   1.1861407e+00
   4.2242694e+00
   1.6888033e+00
   6.8868115e-01
   1.0326365e+00
   2.7965825e+00
   9.1843410e-01
