   4.2225000e+00
   1.8782500e+01
   5.9850000e+00
   1.6295000e+01
   1.2297500e+01
   5.7625000e+00
   1.7665000e+01
   1.1602500e+01
   4.8575000e+00
   5.9775000e+00
   1.0465000e+01
   1.2365000e+01
   2.1250000e-01
   1.4825000e+01
   3.1525000e+00
   1.4100000e+00
   9.2575000e+00
   5.2425000e+00
   4.5000000e-01
   2.9750000e-01
   1.5925000e+00
   4.7325000e+00
   1.9682500e+01
   1.4410000e+01
   4.7175000e+00
   9.3000000e-01
   4.5000000e-02
   7.9525000e+00
   1.1500000e+00
   6.8500000e+00
   1.6415000e+01
   3.4000000e-01
   9.0000000e-02
   2.0225000e+00
   4.7400000e+00
   3.0150000e+00
   1.9432500e+01
   1.3280000e+01
   6.2350000e+00
   4.2500000e-02
   2.5725000e+00
   5.2300000e+00
   8.0750000e-01
   3.3440000e+01
   2.3262500e+01
   2.1435000e+01
   5.6925000e+00
   3.2800000e+00
   9.5600000e+00
   1.3315000e+01
   4.4350000e+00
   4.9350000e+00
   8.4500000e+00
   7.0350000e+00
   1.7197500e+01
   8.2650000e+00
   2.6830000e+01
   8.5275000e+00
   1.3610000e+01
   1.9507500e+01
   4.9600000e+00
   1.2142500e+01
   2.3450000e+00
   6.7450000e+00
   1.7237500e+01
   9.5900000e+00
   1.2907500e+01
   3.5525000e+00
   5.7500000e-01
   9.4900000e+00
   4.6435000e+01
   1.8957500e+01
   3.7575000e+00
   9.7525000e+00
   9.0475000e+00
   2.0475000e+00
   3.6775000e+00
   6.4425000e+00
   8.7450000e+00
   1.0250000e+01
   7.9475000e+00
   1.5737500e+01
   1.2165000e+01
   1.4347500e+01
   1.0737500e+01
   1.3767500e+01
   2.7595000e+01
   2.8495000e+01
   2.4070000e+01
   7.1900000e+00
   2.4600000e+00
   7.7000000e+00
   1.1297500e+01
   2.8275000e+00
   4.6875000e+00
   9.0925000e+00
   1.0415000e+01
   2.4425000e+00
   3.8040000e+01
   8.5300000e+00
   3.4592500e+01
   5.4425000e+00
   1.2347500e+01
   3.0075000e+00
   1.3510000e+01
   3.3675000e+00
   2.0217500e+01
   1.5537500e+01
   7.2475000e+00
   5.9425000e+00
   6.7475000e+00
   4.9782500e+01
   3.9225000e+00
   4.4575000e+00
   1.4975000e+00
   7.4025000e+00
   7.7250000e-01
   7.7400000e+00
   1.4342500e+01
   2.0745000e+01
   2.2825000e+00
   3.5600000e+00
   5.2137500e+01
   1.4497500e+01
   1.5365000e+01
   6.8700000e+00
   1.6767500e+01
   1.9167500e+01
   7.3250000e+00
   1.3350000e+00
   8.7700000e+00
   7.7125000e+00
   1.8955000e+01
   1.7005000e+01
   6.2675000e+00
   9.9000000e+00
   8.2000000e-01
   3.5275000e+00
   1.9825000e+00
   2.0300000e+01
   4.5175000e+00
   6.9550000e+00
   3.9750000e+00
   3.4725000e+00
   9.6775000e+00
   2.0050000e+01
   2.8065000e+01
   1.0160000e+01
   8.1450000e+00
   2.1025000e+00
   1.2570000e+01
   1.4125000e+00
   1.0450000e+01
   1.1315000e+01
   7.0225000e+00
   9.6925000e+00
   2.5750000e-01
   3.3350000e+00
   4.1400000e+00
   4.9050000e+00
   3.7950000e+00
   1.1207500e+01
   1.0932500e+01
   5.8150000e+00
   4.9300000e+00
   8.6675000e+00
   2.1485000e+01
   2.7950000e+01
   9.3625000e+00
   1.4042500e+01
   8.2500000e+00
   1.4835000e+01
   6.8100000e+00
   5.0075000e+00
   7.2750000e+00
   1.3395000e+01
   1.6395000e+01
   1.3502500e+01
   7.9150000e+00
   1.5100000e+00
   6.4500000e+00
   1.8962500e+01
   1.1450000e+01
   2.3500000e-01
   6.3475000e+00
   1.4527500e+01
   2.6325000e+00
   2.5650000e+00
   1.9425000e+00
   1.5055000e+01
   1.0057500e+01
   3.4882500e+01
   6.6450000e+00
   6.2175000e+00
   5.9250000e-01
   1.3000000e+00
   4.8225000e+00
   4.3375000e+00
   2.3575000e+00
   7.6225000e+00
   6.8325000e+00
   1.3942500e+01
   3.2550000e+00
   9.1425000e+00
   2.7827500e+01
   5.2175000e+00
   6.0000000e-02
   1.2852500e+01
   2.3225000e+00
   2.5087500e+01
   6.4700000e+00
   4.2500000e+00
