   4.7125000e+00
   1.5425000e+00
   2.0375000e+01
   5.9275000e+00
   4.9675000e+00
   4.9550000e+00
   1.7587500e+01
   9.2875000e+00
   8.1525000e+00
   7.4125000e+00
   1.3075000e+00
   6.2625000e+00
   1.7162500e+01
   1.0215000e+01
   1.1000000e-01
   2.1550000e+00
   8.2500000e-01
   3.5060000e+01
   1.5690000e+01
   1.1637500e+01
   5.8775000e+00
   5.4750000e-01
   4.1500000e-01
   1.1750000e-01
   1.0965000e+01
   1.9200000e+00
   4.0475000e+00
   1.1950000e+00
   1.8370000e+01
   1.3420000e+01
   1.4470000e+01
   4.8900000e+00
   8.9675000e+00
   1.3325000e+00
   1.0342500e+01
   6.1600000e+00
   9.3750000e-01
   2.0302500e+01
   6.2500000e-01
   1.2095000e+01
   2.0400000e+00
   9.5750000e-01
   2.8675000e+00
   2.0500000e+00
   7.4750000e-01
   3.0400000e+00
   6.4175000e+00
   4.8400000e+00
   1.6495000e+01
   6.8050000e+00
   2.1025000e+00
   1.0155000e+01
   1.2025000e+00
   4.2625000e+00
   5.9000000e+00
   7.2800000e+00
   5.3250000e-01
   1.4642500e+01
   1.0615000e+01
   3.9525000e+00
   2.9500000e-01
   8.5125000e+00
   1.4717500e+01
   9.5175000e+00
   3.6725000e+00
   1.0315000e+01
   1.1250000e-01
   1.4685000e+01
   5.4575000e+00
   6.5400000e+01
   3.2575000e+00
   9.6850000e+00
   4.7950000e+00
   2.2975000e+00
   1.0572500e+01
   2.0492500e+01
   2.2617500e+01
   2.2725000e+00
   1.9245000e+01
   2.0000000e-01
   1.2902500e+01
   1.2400000e+00
   3.6435000e+01
   3.3397500e+01
   2.1775000e+01
   1.4500000e-01
   1.1500000e-01
   1.5285000e+01
   1.1500000e+00
   3.7600000e+00
   1.5797500e+01
