   2.7092851e+00
   2.9010538e+00
   1.9049233e+00
   3.4714856e+00
   3.9161423e+00
   4.9139585e+00
   5.4990398e-01
   3.2493598e+00
   2.8718303e+00
   2.2680141e+00
   1.9355897e+00
   1.4549092e+00
   6.5761373e+00
   2.9076297e+00
   2.8701672e+00
   3.1173708e+00
   1.8001096e+00
   1.9057586e+00
   1.8115670e+00
   4.0085263e+00
   7.5483422e-01
   5.9363362e+00
   6.8608794e+00
   9.4069202e-01
   8.3110315e-01
   1.1098916e+00
   9.8965029e+00
   7.2983544e+00
   3.0601760e+00
   1.6067026e+00
   4.6260106e+00
   3.7150931e+00
   2.2068397e+00
   3.1740365e+00
   8.6518063e+00
   6.0856680e+00
   5.8409292e+00
   4.2546778e+00
   3.7441110e+00
   2.0836859e+00
   5.9564100e+00
   2.9026992e+00
   2.7034043e+00
   4.5247864e+00
   2.4002935e+00
   3.2974939e+00
   2.7851772e+00
   3.8186092e+00
   4.2956285e+00
   4.6339168e+00
   3.2883106e+00
   2.4233897e+00
   1.6840846e+00
   1.4138550e+00
   6.1760079e+00
   1.0013372e+00
   1.3911593e+00
   1.2964090e+00
   2.0098140e+00
   2.4779422e+00
   3.7351737e+00
   6.4690185e+00
   2.6785640e+00
   4.1317017e+00
   3.4792708e+00
   1.9979004e+00
   3.0461013e+00
   3.8654193e+00
   1.7643896e+00
   4.2606587e+00
   1.5389040e+00
   4.4449403e+00
   1.8923494e+00
   3.8406354e+00
   3.6953341e+00
   4.0656897e+00
   4.1616392e+00
   2.0721970e+00
   3.8761097e+00
   1.2399342e+00
   4.9529933e+00
   7.7894949e+00
   2.0248040e+00
   8.2533821e-01
   2.4747287e+00
   4.5195072e+00
   7.8107153e+00
   4.8562928e+00
   3.5633385e+00
   2.8462232e+00
   1.5867675e+00
   4.7659829e+00
   3.1219623e+00
   6.5552906e-01
   2.8056734e+00
   1.5337242e+00
   7.2117025e+00
   1.3110581e+00
   2.3709392e+00
   1.0262979e+01
   2.4849973e+00
   2.3527450e+00
   3.3496901e+00
   2.0935919e+00
   4.3420611e+00
   1.9364117e+00
   3.4664388e+00
   5.3979706e+00
   3.8315078e+00
   3.9169550e+00
   2.8734924e+00
   3.9173613e+00
   3.3964025e+00
   2.9822103e+00
   4.5834978e+00
   7.9914024e+00
   3.0937967e+00
   3.5373382e+00
   3.3277622e+00
   2.2461549e+00
   1.6214930e+00
   2.5743372e+00
   1.1941643e+00
   4.0267488e+00
   6.8171287e-01
   2.3241598e+00
   6.1475957e+00
   2.7210086e+00
   4.8065509e+00
   3.5651246e+00
   3.7804912e+00
   2.8884082e+00
   4.7159635e+00
   1.1311966e+00
   2.2602818e+00
   2.3722813e+00
   5.0247726e+00
   1.1603667e+00
   1.2334996e+00
   3.0098338e+00
   2.4939477e+00
   1.1617375e+00
   3.0061300e+00
   2.7320993e+00
   1.6371222e+00
   3.8637719e+00
   2.4779422e+00
   3.4281192e+00
   1.8847648e+00
   1.5285269e+00
   1.7688941e+00
   2.8668382e+00
   8.5377376e-01
   2.3513917e+00
   1.8463745e+00
   2.1505912e+00
   3.8933169e+00
   3.4160270e+00
   1.6660319e+00
   2.5047730e+00
   9.9175478e-01
   3.5637851e+00
   8.1521002e+00
   3.1624827e+00
   5.6756463e+00
   4.8703647e+00
   3.9537575e+00
   6.7937422e+00
   1.7279313e+00
   2.1364840e+00
   3.8248559e+00
   2.9918011e+00
   2.9316151e-01
   1.2100518e+00
   3.9331744e+00
   4.9120148e+00
   3.1158388e+00
   3.8756991e+00
   5.4341152e+00
   4.2993319e+00
   5.1452729e+00
   6.0570948e+00
   4.6273865e+00
   2.3568003e+00
   3.1710265e+00
   4.1089118e+00
   1.5001503e+00
   2.2176311e+00
   2.5262845e+00
   3.4526374e+00
   3.5097853e+00
   2.8124723e+00
   2.6528912e+00
   3.3377906e-01
   4.1489997e+00
   4.6180908e-01
   5.2657359e+00
   2.6939683e+00
   2.4358358e+00
   3.7619221e+00
   6.8870426e+00
   4.2595379e-01
   1.7805523e+00
