   2.4072500e+01
   2.2797500e+01
   1.2822500e+01
   2.2375000e+00
   6.9200000e+00
   8.7100000e+00
   1.6250000e-01
   8.9500000e-01
   1.3875000e+00
   1.0080000e+01
   2.7850000e+01
   2.3222500e+01
   2.2150000e+00
   1.0675000e+00
   1.0925000e+00
   3.7150000e+00
   3.3525000e+00
   5.1250000e-01
   1.3425000e+01
   2.7500000e-01
   7.1575000e+00
   6.7500000e+00
   7.7175000e+00
   4.7625000e+00
   1.1762500e+01
   2.8200000e+00
   9.9075000e+00
   1.5797500e+01
   1.8372500e+01
   1.4067500e+01
   5.7750000e-01
   1.2952500e+01
   8.3000000e-01
   1.8075000e+00
   4.8925000e+00
   8.6450000e+00
   8.9800000e+00
   3.9750000e-01
   1.4022500e+01
   5.5375000e+00
   6.9725000e+00
   3.3310000e+01
   3.8600000e+00
   8.6225000e+00
   9.5775000e+00
   2.4825000e+00
   7.5250000e-01
   2.5127500e+01
   2.7775000e+00
   7.6525000e+00
   1.1622500e+01
   1.1225000e+00
   5.3025000e+00
   6.3100000e+00
   5.0250000e-01
   1.4225000e+00
   2.5650000e+00
   1.3425000e+00
   1.3322500e+01
   4.4950000e+00
   9.5125000e+00
   2.0652500e+01
   1.1050000e+00
   1.4015000e+01
   2.2400000e+00
   3.7250000e-01
   8.3750000e-01
   6.1425000e+00
   6.6250000e-01
