   2.3186750e+00
   4.8902578e+00
   2.7604961e+00
   4.5549356e+00
   3.9569765e+00
   2.7086976e+00
   4.7425496e+00
   3.8435351e+00
   2.4869180e+00
   2.7587659e+00
   3.6502674e+00
   3.9678214e+00
   5.2015709e-01
   4.3446261e+00
   2.0034689e+00
   1.3398760e+00
   3.4332223e+00
   2.5835941e+00
   7.5693976e-01
   6.1545817e-01
   1.4239501e+00
   2.4547110e+00
   5.0060501e+00
   4.2833844e+00
   2.4508177e+00
   1.0881695e+00
   2.3936537e-01
   3.1820493e+00
   1.2100518e+00
   2.9532509e+00
   4.5716766e+00
   6.5795246e-01
   3.3851375e-01
   1.6047202e+00
   2.4566553e+00
   1.9592900e+00
   4.9741560e+00
   4.1120094e+00
   2.8175607e+00
   2.3262132e-01
   1.8098090e+00
   2.5805121e+00
   1.0139728e+00
   6.5251154e+00
   5.4423097e+00
   5.2241640e+00
   2.6921954e+00
   2.0435816e+00
   3.4888637e+00
   4.1174245e+00
   2.3763033e+00
   2.5066785e+00
   3.2800723e+00
   2.9928649e+00
   4.6793736e+00
   3.2439675e+00
   5.8447427e+00
   3.2950797e+00
   4.1627864e+00
   4.9837456e+00
   2.5130197e+00
   3.9319602e+00
   1.7279313e+00
   2.9305291e+00
   4.6848123e+00
   3.4943336e+00
   4.0539289e+00
   2.1267777e+00
   8.5563587e-01
   3.4760672e+00
   7.6891403e+00
   4.9129867e+00
   2.1872809e+00
   3.5238145e+00
   3.3940587e+00
   1.6146077e+00
   2.1638712e+00
   2.8640611e+00
   3.3368368e+00
   3.6125760e+00
   3.1810488e+00
   4.4763386e+00
   3.9356015e+00
   4.2740852e+00
   3.6974869e+00
   4.1868037e+00
   5.9274822e+00
   6.0233679e+00
   5.5359621e+00
   3.0256557e+00
   1.7697936e+00
   3.1311251e+00
   3.7926803e+00
   1.8973889e+00
   2.4430126e+00
   3.4024889e+00
   3.6415367e+00
   1.7634873e+00
   6.9594563e+00
   3.2955627e+00
   6.6366060e+00
   2.6324145e+00
   3.9650126e+00
   1.9568515e+00
   4.1474650e+00
   2.0706603e+00
   5.0736299e+00
   4.4478039e+00
   3.0377300e+00
   2.7506774e+00
   2.9310721e+00
   7.9614727e+00
   2.2347891e+00
   2.3823235e+00
   1.3808245e+00
   3.0700416e+00
   9.9175478e-01
   3.1392474e+00
   4.2733404e+00
   5.1393924e+00
   1.7047490e+00
   2.1290216e+00
   8.1476087e+00
   4.2963694e+00
   4.4230448e+00
   2.9575591e+00
   4.6205026e+00
   4.9401234e+00
   3.0539286e+00
   1.3037541e+00
   3.3416030e+00
   3.1336656e+00
   4.9126628e+00
   4.6531106e+00
   2.8248945e+00
   3.5503622e+00
   1.0217908e+00
   2.1192811e+00
   1.5887723e+00
   5.0839712e+00
   2.3983035e+00
   2.9757992e+00
   2.2496949e+00
   2.1026945e+00
   3.5102387e+00
   5.0525689e+00
   5.9777477e+00
   3.5966809e+00
   3.2203317e+00
   1.6361498e+00
   4.0005776e+00
   1.3410633e+00
   3.6476504e+00
   3.7956166e+00
   2.9902048e+00
   3.5129581e+00
   5.7258989e-01
   2.0606440e+00
   2.2959120e+00
   2.4990478e+00
   2.1981683e+00
   3.7775431e+00
   3.7309103e+00
   2.7210086e+00
   2.5054083e+00
   3.3220180e+00
   5.2302535e+00
   5.9654878e+00
   3.4526374e+00
   4.2284118e+00
   3.2410224e+00
   4.3460912e+00
   2.9446156e+00
   2.5250242e+00
   3.0434878e+00
   4.1297753e+00
   4.5688907e+00
   4.1463137e+00
   3.1745379e+00
   1.3865755e+00
   2.8657277e+00
   4.9136346e+00
   3.8181923e+00
   5.4700210e-01
   2.8428662e+00
   4.3008124e+00
   1.8307930e+00
   1.8071689e+00
   1.5726627e+00
   4.3781984e+00
   3.5784922e+00
   6.6643663e+00
   2.9087243e+00
   2.8136039e+00
   8.6855882e-01
   1.2865502e+00
   2.4779422e+00
   2.3500376e+00
   1.7325306e+00
   3.1153280e+00
   2.9494761e+00
   4.2133291e+00
   2.0357787e+00
   3.4118313e+00
   5.9524006e+00
   2.5774265e+00
   2.7639532e-01
   4.0452826e+00
   1.7196217e+00
   5.6517605e+00
   2.8701672e+00
   2.3262132e+00
