   1.6457500e+01
   2.0940000e+01
   1.5150000e+00
   2.8485000e+01
   1.4492500e+01
   3.1475000e+00
   3.9650000e+00
   1.0177500e+01
   8.9500000e+00
   4.0220000e+01
   2.6367500e+01
   1.9150000e+00
   1.5445000e+01
   1.1822500e+01
   1.6387500e+01
   1.4862500e+01
   1.4452500e+01
   1.3382500e+01
   2.7375000e+00
   1.0370000e+01
   1.1480000e+01
   2.2090000e+01
   1.4387500e+01
   2.3850000e+00
   2.1930000e+01
   1.5575000e+01
   2.0585000e+01
   2.3925000e+00
   1.5927500e+01
   7.6675000e+00
   1.7500000e-01
   9.2450000e+00
   1.8875000e+00
   3.0502500e+01
   2.6705000e+01
   1.7450000e+00
   1.6105000e+01
   2.6890000e+01
   2.6575000e+00
   4.5925000e+00
   1.7620000e+01
   1.3790000e+01
   2.5847500e+01
   1.9495000e+01
   3.1985000e+01
   3.9500000e-01
   7.4125000e+00
   5.3275000e+01
   1.4597500e+01
   1.5425000e+00
   1.1330000e+01
   3.1740000e+01
   3.0342500e+01
   1.9710000e+01
   5.1500000e-01
   9.8850000e+00
   2.8225000e+00
   4.2600000e+00
   8.4075000e+00
   7.6775000e+00
   4.9600000e+00
   2.3305000e+01
   4.4007500e+01
   4.7775000e+00
   7.0150000e+00
   4.7645000e+01
   9.7000000e-01
   1.3720000e+01
   1.3555000e+01
   2.2795000e+01
   4.7947500e+01
   7.5750000e-01
   1.8542500e+01
   1.0757500e+01
   1.2825000e+01
   2.8077500e+01
   6.0500000e+00
   2.0675000e+00
   9.1875000e+00
