   5.8897718e+00
   3.8875897e+00
   5.6272078e+00
   3.3368368e+00
   2.3282649e+00
   4.2640193e+00
   3.2034842e+00
   9.4069202e-01
   4.9795924e+00
   1.7930225e+00
   3.7270690e+00
   4.9472060e+00
   5.8471929e+00
   4.9045569e+00
   8.2400656e+00
   2.4501683e+00
   5.9974175e-01
   6.4653271e+00
   4.7813195e+00
   3.0814256e+00
   3.5238145e+00
   3.7998074e+00
   3.3468380e+00
   4.3159581e+00
   5.2551466e+00
   4.3952505e+00
   1.7398641e+00
   2.9261811e+00
   4.3288455e+00
   1.1141852e+00
   6.2401000e+00
   5.5342368e+00
   5.7894759e+00
   4.1666079e+00
   4.6956710e+00
   4.4125974e+00
   4.0613813e+00
   4.4463723e+00
   4.8830926e+00
   2.4391006e+00
   1.4272993e+00
   3.0747038e+00
   2.2694171e+00
   2.8350176e+00
   3.0700416e+00
   5.3159714e+00
   3.8604752e+00
   5.7030609e+00
   5.2393744e+00
   5.4714756e+00
   4.3661859e+00
   4.1451620e+00
   3.4724024e+00
   4.1038733e+00
   1.5584301e+00
   2.8428662e+00
   3.9165487e+00
   3.3544380e+00
   7.4344690e+00
   2.7477828e+00
   5.8360224e-01
   1.0108287e+00
   2.9337858e+00
   3.7846988e-01
   2.7771656e+00
   2.4560074e+00
   4.8204379e-01
   4.4356210e+00
   4.9827875e-01
   2.2046750e+00
   5.2925674e-01
   4.4976208e+00
   1.4592783e+00
   2.6850920e+00
   3.8265199e-01
   7.2754210e+00
   2.2283703e+00
   4.7669847e+00
   4.6865107e-01
   5.6672275e+00
   4.6486620e+00
   5.0146267e-01
   4.8290146e+00
   6.8171287e-01
   3.4997949e+00
   3.7614990e+00
   8.7038930e-01
   2.9543285e+00
   4.2520585e+00
   9.3899861e-01
   6.8761727e+00
   1.8872964e+00
   3.1081675e+00
   1.9802974e+00
   4.1178110e+00
   3.5233628e-01
   1.5191269e+00
   2.9949913e+00
   5.6039676e+00
   1.6263933e+00
   2.2986831e+00
   4.5321669e+00
   2.7379185e+00
   2.0660435e+00
   6.5256032e+00
   4.6977042e+00
   3.6015452e+00
   3.6143378e+00
   5.3603949e+00
   3.3851375e-01
   3.5125050e+00
   3.6502674e+00
   3.0198639e+00
   1.9124279e+00
   4.3048811e+00
   2.7110469e+00
   2.4971365e+00
   3.7993885e+00
   5.2618052e+00
   5.0155788e+00
   3.3234550e+00
   3.9493271e-01
   4.6029019e+00
   2.8823407e+00
   3.5682482e-01
   5.4618680e+00
   5.2070756e+00
   3.7009289e+00
   2.2567583e-01
   5.6700351e-01
   3.5038853e+00
   4.5873158e+00
   2.5003212e+00
   3.2341402e+00
   8.3301594e-01
   1.0139728e+00
   2.3675804e+00
   3.6380386e+00
   4.2818979e+00
   1.6535664e+00
   4.5869689e+00
   5.1905442e+00
   2.0443602e+00
   2.8768137e+00
   1.8203313e+00
   2.9976471e+00
   1.0925484e+00
   3.5895939e+00
   7.6322152e-01
   4.6524265e-01
   4.1232185e+00
   4.5626162e+00
   3.0098338e+00
   2.7948747e+00
   1.6641202e+00
   4.3504834e+00
   1.5533155e+00
   3.5220074e+00
   4.7566235e+00
   1.4036874e+00
   1.4483308e+00
   8.7038930e-01
   2.9316151e-01
   3.2109278e+00
   6.9328777e-01
   8.5749393e-01
   2.6093387e+00
   2.3076664e+00
   3.8855422e+00
   6.1947914e+00
   3.6901622e+00
   2.8955625e+00
   3.9513415e+00
   3.7926803e+00
   5.6136155e-01
   3.2365998e+00
   4.5106948e+00
   1.7103414e+00
   4.3130070e+00
   1.6574119e+00
   3.0922531e+00
   1.7131308e+00
   4.2900673e+00
   3.2449485e+00
   8.7767302e-01
   6.8868115e-01
   3.4318313e-01
   8.8848664e-01
   8.9206206e-01
   3.4778982e-01
   3.2766740e+00
   4.4438660e+00
   5.7258989e-01
   3.5628918e+00
   2.6462837e-01
   2.5413594e+00
   3.5682482e-01
   1.3183217e+00
   4.4154819e+00
   2.3007593e+00
   4.1343973e+00
   6.4579379e+00
   3.3710033e+00
   4.8085372e+00
   4.3701937e-01
   5.8632301e-01
   3.1336656e+00
   3.3377906e-01
   5.2320790e-01
   1.2008096e+00
   2.8784729e+00
   4.0204199e+00
   8.0779655e-01
   6.2825493e-01
   4.3701937e-01
   5.1089540e-01
   3.2351243e+00
   2.0121883e+00
   4.0033614e+00
   3.5485686e+00
   4.7539459e-01
   3.3851375e-01
   3.8265199e-01
   4.0492150e+00
   3.7483594e+00
   4.7982657e+00
   7.7768167e-01
   3.8978110e+00
   3.0382539e-01
   7.4848206e-01
