   2.4495186e+00
   1.4014179e+00
   5.0933541e+00
   2.7472036e+00
   2.5149190e+00
   2.5117528e+00
   4.7321349e+00
   3.4387806e+00
   3.2218140e+00
   3.0721146e+00
   1.2902561e+00
   2.8237675e+00
   4.6746095e+00
   3.6064029e+00
   3.7424103e-01
   1.6564514e+00
   1.0249013e+00
   6.6813007e+00
   4.4695781e+00
   3.8493279e+00
   2.7355923e+00
   8.3492434e-01
   7.2690743e-01
   3.8678889e-01
   3.7364517e+00
   1.5635280e+00
   2.2701183e+00
   1.2334996e+00
   4.8362600e+00
   4.1336273e+00
   4.2922927e+00
   2.4952237e+00
   3.3790199e+00
   1.3025328e+00
   3.6288400e+00
   2.8005634e+00
   1.0925484e+00
   5.0842842e+00
   8.9206206e-01
   3.9242620e+00
   1.6116478e+00
   1.1041408e+00
   1.9107628e+00
   1.6155931e+00
   9.7557499e-01
   1.9673963e+00
   2.8584987e+00
   2.4824342e+00
   4.5828033e+00
   2.9435345e+00
   1.6361498e+00
   3.5957958e+00
   1.2373644e+00
   2.3296316e+00
   2.7408235e+00
   3.0445334e+00
   8.2340759e-01
   4.3178015e+00
   3.6763348e+00
   2.2433188e+00
   6.1286676e-01
   3.2921804e+00
   4.3288455e+00
   3.4811000e+00
   2.1623996e+00
   3.6240124e+00
   3.7846988e-01
   4.3240632e+00
   2.6360396e+00
   9.1252324e+00
   2.0365603e+00
   3.5115986e+00
   2.4708670e+00
   1.7103414e+00
   3.6689679e+00
   5.1080193e+00
   5.3663298e+00
   1.7010105e+00
   4.9501005e+00
   5.0462650e-01
   4.0531436e+00
   1.2565099e+00
   6.8110559e+00
   6.5209675e+00
   5.2654336e+00
   4.2967399e-01
   3.8265199e-01
   4.4115152e+00
   1.2100518e+00
   2.1880084e+00
   4.4848636e+00
