   1.5592500e+01
   7.3750000e-01
   4.8500000e-01
   3.8617500e+01
   9.1775000e+00
   7.3750000e+00
   5.2400000e+00
   2.6162500e+01
   1.4332500e+01
   5.2800000e+00
   4.2575000e+00
   3.9322500e+01
   1.2037500e+01
   1.5490000e+01
   1.8205000e+01
   6.7775000e+00
   1.1150000e+01
   1.7645000e+01
   4.9650000e+00
   5.5000000e-02
   4.1500000e-01
   2.7750000e-01
   1.9707500e+01
   1.8620000e+01
   1.9975000e+00
   2.2305000e+01
   6.7750000e-01
   1.8152500e+01
   7.0350000e+00
   2.1480000e+01
   2.5140000e+01
   1.8475000e+00
   6.4375000e+00
   1.0720000e+01
   1.7695000e+01
   1.5705000e+01
   5.8100000e+00
   1.3255000e+01
   1.4367500e+01
   3.0052500e+01
   1.6037500e+01
   3.5000000e-01
   1.7182500e+01
   1.9232500e+01
   7.9325000e+00
   5.4250000e-01
   2.7330000e+01
   1.5775000e+00
   1.3725000e+01
