   4.5775910e+00
   5.1634907e+00
   1.3888693e+00
   6.0223109e+00
   4.2956285e+00
   2.0018795e+00
   2.2468633e+00
   3.5997771e+00
   3.3757212e+00
   7.1560949e+00
   5.7941474e+00
   1.5614909e+00
   4.4345445e+00
   3.8798034e+00
   4.5678456e+00
   4.3501176e+00
   4.2896963e+00
   4.1278479e+00
   1.8669476e+00
   3.6336612e+00
   3.8231911e+00
   5.3033821e+00
   4.2800390e+00
   1.7426062e+00
   5.2841407e+00
   4.4531681e+00
   5.1195347e+00
   1.7453440e+00
   4.5032791e+00
   3.1245102e+00
   4.7203487e-01
   3.4309036e+00
   1.5502386e+00
   6.2319330e+00
   5.8311116e+00
   1.4905714e+00
   4.5283024e+00
   5.8512743e+00
   1.8394657e+00
   2.4181300e+00
   4.7365051e+00
   4.1902235e+00
   5.7367290e+00
   4.9821486e+00
   6.3815803e+00
   7.0917531e-01
   3.0721146e+00
   8.2360085e+00
   4.3111616e+00
   1.4014179e+00
   3.7981317e+00
   6.3570924e+00
   6.2155668e+00
   5.0095460e+00
   8.0976439e-01
   3.5476715e+00
   1.8957106e+00
   2.3289484e+00
   3.2718132e+00
   3.1265471e+00
   2.5130197e+00
   5.4472789e+00
   7.4854585e+00
   2.4663540e+00
   2.9886076e+00
   7.7886776e+00
   1.1113246e+00
   4.1795749e+00
   4.1543666e+00
   5.3873459e+00
   7.8133637e+00
   9.8207889e-01
   4.8589139e+00
   3.7009289e+00
   4.0409525e+00
   5.9790788e+00
   2.7754458e+00
   1.6224743e+00
   3.4202176e+00
