   4.4556692e+00
   9.6902743e-01
   7.8582516e-01
   7.0120844e+00
   3.4183557e+00
   3.0643338e+00
   2.5829780e+00
   5.7715795e+00
   4.2718504e+00
   2.5928179e+00
   2.3282649e+00
   7.0758012e+00
   3.9149229e+00
   4.4409999e+00
   4.8144912e+00
   2.9375808e+00
   3.7678404e+00
   4.7398641e+00
   2.5142860e+00
   2.6462837e-01
   7.2690743e-01
   5.9441061e-01
   5.0092283e+00
   4.8690574e+00
   1.5947715e+00
   5.3291283e+00
   9.2877327e-01
   4.8075442e+00
   2.9928649e+00
   5.2296449e+00
   5.6576711e+00
   1.5337242e+00
   2.8629495e+00
   3.6944726e+00
   4.7465749e+00
   4.4717141e+00
   2.7198386e+00
   4.1081371e+00
   4.2770631e+00
   6.1857927e+00
   4.5188029e+00
   6.6755812e-01
   4.6773324e+00
   4.9484927e+00
   3.1780454e+00
   8.3110315e-01
   5.8989522e+00
   1.4172281e+00
   4.1803364e+00
