   4.5490000e+01
   3.8115000e+01
   2.5327500e+01
   7.7987500e+01
   7.6432500e+01
   1.2469750e+02
   3.0260000e+01
   4.1900000e+00
   7.1225000e+00
   3.1072500e+01
   1.7405000e+01
   5.0325000e+00
   3.1977500e+01
   6.8125000e+00
   5.8300000e+00
   7.6225000e+00
   2.3427500e+01
   6.1345000e+01
   3.8800000e+00
   2.6325000e+00
   1.5647500e+01
   4.0875000e+01
   7.5177500e+01
   1.1872500e+01
   1.3622500e+01
   8.6225000e+00
   3.9272500e+01
   9.1750000e-01
   5.0225000e+01
   6.3395000e+01
   2.4522500e+01
   2.5487500e+01
   7.5260000e+01
   7.2987500e+01
   7.8800000e+00
   1.4610000e+02
   3.6550000e+00
   8.8497500e+01
   1.1294500e+02
   2.0305000e+01
   9.5500000e+00
   8.4875000e+00
   1.5671500e+02
   1.4371500e+02
   1.0202500e+01
   2.4500000e-01
