   3.9822354e+00
   6.9269064e+00
   1.3438967e+01
   5.1773425e+00
   8.5630523e+00
   7.7550932e+00
   4.8533423e-01
   2.5681474e+00
   7.7520142e+00
   4.0735113e+00
   2.8039711e+00
   1.6342032e+00
   1.2581681e+01
   1.3673656e+01
   3.6305939e+00
   3.1427943e+00
   4.2922927e+00
   3.7661504e+00
   3.4188213e+00
   9.4069202e-01
   1.3625149e+01
   1.3970387e+01
   9.5175957e+00
   2.6117773e+00
   1.3434348e+00
   4.6098121e+00
   1.7462556e+00
   2.1756075e+00
   3.5206515e+00
   3.1458313e+00
   2.3097346e+00
   4.2042536e+00
   4.8250580e+00
   2.4527651e+00
   1.7778687e+00
   1.4604012e+01
   2.2917489e+00
   9.0516830e+00
   5.6700351e-01
   8.8212264e+00
   5.6806915e+00
   2.0208701e+00
   7.8889764e+00
   5.1055261e+00
   3.5301320e+00
   5.3905945e+00
   9.4439000e+00
