   4.3041417e+00
   4.4898291e+00
   4.3701937e-01
   5.9400885e+00
   3.5233628e-01
   4.1849026e+00
   3.9493271e-01
   1.6774562e+00
   1.9939134e+00
   6.2255451e+00
   4.0160630e+00
   5.6837725e+00
   9.9495917e-01
   3.0871019e+00
   4.9606993e+00
   9.9765885e+00
   1.3744358e+01
   7.5903945e-01
   2.1981683e+00
   1.0969099e+00
   1.1054085e+01
   2.5262845e+00
   1.5502386e+00
   1.1311966e+00
   1.3000867e+00
   4.2317980e+00
   1.6086825e+00
   2.9965850e+00
   3.1534110e+00
   1.5746854e+00
   4.2453157e+00
   2.6785640e+00
   3.9954025e+00
   9.5679634e+00
   9.6517652e+00
   3.1402612e+00
   7.4222565e+00
   8.6672448e-01
   1.7197328e+01
   3.0203909e+00
   3.3582316e+00
   3.2858897e+00
   6.8404352e-01
   3.2732722e+00
   3.0240772e+00
   9.1537913e+00
   1.7159156e+00
   1.2539740e+00
   3.0643338e+00
   3.2114234e+00
   6.2060854e-01
   1.4937712e+00
   4.4270012e+00
   1.5767055e+00
   3.0340603e+00
   6.8615753e+00
   5.1390827e+00
   3.3728912e+00
   5.8286546e+00
   5.0475265e+00
   1.0513927e+01
   3.5521548e+00
   1.0749255e+00
   6.4292863e+00
   3.0466238e+00
   7.3116445e+00
   1.8333991e+00
   1.2060996e+00
   4.5451415e+00
   5.1148695e+00
   3.6563664e-01
   5.9574787e+00
   4.0793677e+00
   2.3682526e+00
   2.9283559e+00
   3.2664579e+00
   3.7296303e+00
   2.9854107e-01
   1.1650481e+01
   6.3982681e+00
   3.2815276e+00
   3.6996385e-01
   9.7720502e-01
   3.0901936e-01
