   1.5075000e+01
   2.1560000e+01
   2.0672500e+01
   8.4750000e+00
   2.3855000e+01
   5.9000000e+01
   4.2375000e+00
   2.0015000e+01
   8.2555000e+01
   1.8333250e+02
   3.6250000e+00
   1.6350000e+00
   7.0475000e+00
   8.1950000e+00
   1.3491250e+02
   2.4612500e+01
   1.0284750e+02
   3.0165000e+01
   1.1527750e+02
   3.2732500e+01
   1.0257750e+02
   5.8942500e+01
   2.8327500e+01
   1.4227500e+01
   6.4865000e+01
   1.4817500e+01
   4.5252500e+01
   4.5485000e+01
   3.3625000e+01
   3.2782500e+01
   1.9830000e+01
   4.6190000e+01
   6.8060000e+01
   9.7880000e+01
   3.8050000e+01
   1.7280000e+01
   4.4700000e+00
   1.7630000e+01
   1.3311500e+02
   3.7060000e+01
   1.0157500e+01
   6.6172500e+01
   1.4184000e+02
   5.8355000e+01
   1.0100000e+01
   8.0405000e+01
   1.1647500e+01
   1.0967500e+01
   1.7512500e+01
   5.5000000e-02
   5.4752500e+01
   1.1431750e+02
