   3.4262616e+00
   5.2874528e+00
   8.2678321e+00
   2.7599195e+00
   5.3707767e+00
   2.7863198e+00
   8.0239978e+00
   1.9174147e+00
   2.9397472e+00
   4.5887034e+00
   2.9272687e+00
   5.5471629e+00
   5.5353870e+00
   3.9714298e+00
   2.2645027e+00
   5.6719997e+00
   1.3267575e+01
   5.6641375e+00
   4.7186626e+00
   4.8131688e+00
   4.3687367e+00
   3.4668979e+00
   4.3211177e+00
   1.4521937e+01
   5.3914802e+00
   4.7243930e+00
   4.7081950e+00
   9.2638830e+00
   8.2329161e+00
   3.7602294e+00
   4.0523582e+00
   3.9730325e+00
   5.5120485e+00
   8.0582391e-01
   3.2429861e+00
   3.5780475e+00
   5.1831799e+00
   4.4154819e+00
   1.3885140e+01
   2.9854107e-01
   6.4805715e+00
   1.1294365e+01
   2.5306906e+00
   1.9762749e+00
   4.5566823e+00
   7.5246902e+00
   3.3747782e+00
   1.0195298e+01
   4.8674228e+00
   3.1076554e+00
   6.7337392e+00
   1.9082623e+00
   4.7636448e+00
   4.1692809e+00
   4.5106948e+00
   4.3945262e+00
   1.3903124e+01
   7.3236067e+00
   1.1867577e+01
   2.8646167e+00
   3.5481201e+00
   2.9256372e+00
   6.0447326e+00
   2.6504904e+00
   9.4840923e+00
   6.4717243e+00
   2.5357168e+00
   7.6113336e+00
   4.6390658e+00
   4.0251675e+00
   2.9026992e+00
   5.1890108e+00
   5.6554202e+00
