   4.3811056e+00
   5.2393744e+00
   5.1304039e+00
   3.2849209e+00
   5.5111822e+00
   8.6672448e+00
   2.3227898e+00
   5.0481570e+00
   1.0252429e+01
   1.5278291e+01
   2.1483699e+00
   1.4428259e+00
   2.9955226e+00
   3.2302009e+00
   1.3106332e+01
   5.5980004e+00
   1.1443317e+01
   6.1973600e+00
   1.2115109e+01
   6.4557194e+00
   1.1428286e+01
   8.6630204e+00
   6.0056385e+00
   4.2561738e+00
   9.0878316e+00
   4.3435270e+00
   7.5906042e+00
   7.6100789e+00
   6.5431399e+00
   6.4606482e+00
   5.0247726e+00
   7.6688288e+00
   9.3089572e+00
   1.1163543e+01
   6.9603710e+00
   4.6905841e+00
   2.3856615e+00
   4.7378490e+00
   1.3018728e+01
   6.8692254e+00
   3.5962384e+00
   9.1789675e+00
   1.3438612e+01
   8.6197386e+00
   3.5860451e+00
   1.0118045e+01
   3.8509814e+00
   3.7368777e+00
   4.7220343e+00
   2.6462837e-01
   8.3494340e+00
   1.2064558e+01
