   1.8187500e+01
   1.4555000e+01
   1.4172500e+01
   1.4060000e+01
   3.9825000e+00
   5.7825000e+00
   4.4825000e+00
   9.5075000e+00
   7.9317500e+01
   9.1325000e+00
   3.5350000e+00
   1.7665000e+01
   1.7607500e+01
   2.2775000e+00
   2.6992500e+01
   2.6337500e+01
   5.4482500e+01
   3.0905000e+01
   2.8925000e+00
   1.6362500e+01
   2.4215250e+02
   1.2797750e+02
   1.0635000e+01
   3.9450000e+00
   6.6525000e+00
   2.0905000e+01
   1.2222500e+01
   5.8575000e+00
   1.2897500e+01
   1.0860000e+01
   2.2887250e+02
   2.3357500e+01
   3.0797500e+01
   9.3475000e+00
   8.2830000e+01
   1.0590000e+01
   9.1555000e+01
   1.0735000e+01
   2.1270000e+01
   2.3022500e+01
   1.8080000e+01
   2.0715000e+01
   6.0725000e+00
   1.0995000e+01
   2.7440000e+01
   2.9300000e+00
   1.1207500e+01
   9.8975000e+00
   1.5972750e+02
   1.1045000e+01
   1.9265000e+01
   9.9475000e+00
   2.4387500e+01
   7.3125000e+00
   1.7837500e+01
   4.5075000e+00
   2.7200000e+00
   8.3350000e+00
   1.3946000e+02
   4.8640000e+01
   3.1340000e+01
   8.7650000e+00
   1.1693250e+02
   3.3650000e+00
   2.5212500e+01
   1.0149500e+02
   1.9007500e+01
