   7.6104972e+00
   6.9663136e+00
   5.6787300e+00
   9.9647764e+00
   9.8649319e+00
   1.2600388e+01
   6.2071111e+00
   2.3097346e+00
   3.0114197e+00
   6.2898916e+00
   4.7075189e+00
   2.5313194e+00
   6.3808320e+00
   2.9451561e+00
   2.7245158e+00
   3.1153280e+00
   5.4615766e+00
   8.8378097e+00
   2.2226492e+00
   1.8307930e+00
   4.4635206e+00
   7.2141296e+00
   9.7836070e+00
   3.8879990e+00
   4.1646976e+00
   3.3133832e+00
   7.0713012e+00
   1.0808318e+00
   7.9967779e+00
   8.9842652e+00
   5.5877560e+00
   5.6966387e+00
   9.7889738e+00
   9.6400504e+00
   3.1675113e+00
   1.3638926e+01
   2.1572414e+00
   1.0615014e+01
   1.1991916e+01
   5.0845972e+00
   3.4870385e+00
   3.2873425e+00
   1.4125712e+01
   1.3527144e+01
   3.6041957e+00
   5.5851919e-01
