   1.2455000e+01
   3.7685000e+01
   1.4184750e+02
   2.1052500e+01
   5.7590000e+01
   4.7235000e+01
   1.8500000e-01
   5.1800000e+00
   4.7197500e+01
   1.3032500e+01
   6.1750000e+00
   2.0975000e+00
   1.2432750e+02
   1.4684500e+02
   1.0352500e+01
   7.7575000e+00
   1.4470000e+01
   1.1140000e+01
   9.1800000e+00
   6.9500000e-01
   1.4580500e+02
   1.5328750e+02
   7.1145000e+01
   5.3575000e+00
   1.4175000e+00
   1.6690000e+01
   2.3950000e+00
   3.7175000e+00
   9.7350000e+00
   7.7725000e+00
   4.1900000e+00
   1.3882500e+01
   1.8285000e+01
   4.7250000e+00
   2.4825000e+00
   1.6750750e+02
   4.1250000e+00
   6.4350000e+01
   2.5250000e-01
   6.1115000e+01
   2.5345000e+01
   3.2075000e+00
   4.8880000e+01
   2.0472500e+01
   9.7875000e+00
   2.2822500e+01
   7.0047500e+01
