   1.4550000e+01
   1.5832500e+01
   1.5000000e-01
   2.7712500e+01
   9.7500000e-02
   1.3755000e+01
   1.2250000e-01
   2.2100000e+00
   3.1225000e+00
   3.0440000e+01
   1.2667500e+01
   2.5372500e+01
   7.7750000e-01
   7.4850000e+00
   1.9327500e+01
   7.8172500e+01
   1.4836750e+02
   4.5250000e-01
   3.7950000e+00
   9.4500000e-01
   9.5970000e+01
   5.0125000e+00
   1.8875000e+00
   1.0050000e+00
   1.3275000e+00
   1.4065000e+01
   2.0325000e+00
   7.0525000e+00
   7.8100000e+00
   1.9475000e+00
   1.4155000e+01
   5.6350000e+00
   1.2537500e+01
   7.1900000e+01
   7.3165000e+01
   7.7450000e+00
   4.3267500e+01
   5.9000000e-01
   2.3228000e+02
   7.1650000e+00
   8.8575000e+00
   8.4800000e+00
   3.6750000e-01
   8.4150000e+00
   7.1825000e+00
   6.5810000e+01
   2.3125000e+00
   1.2350000e+00
   7.3750000e+00
   8.1000000e+00
   3.0250000e-01
   1.7525000e+00
   1.5392500e+01
   1.9525000e+00
   7.2300000e+00
   3.6977500e+01
   2.0742500e+01
   8.9350000e+00
   2.6682500e+01
   2.0010000e+01
   8.6820000e+01
   9.9100000e+00
   9.0750000e-01
   3.2465000e+01
   7.2900000e+00
   4.1987500e+01
   2.6400000e+00
   1.1425000e+00
   1.6225000e+01
   2.0547500e+01
   1.0500000e-01
   2.7875000e+01
   1.3070000e+01
   4.4050000e+00
   6.7350000e+00
   8.3800000e+00
   1.0925000e+01
   7.0000000e-02
   1.0660500e+02
   3.2152500e+01
   8.4575000e+00
   1.0750000e-01
   7.5000000e-01
   7.5000000e-02
