   9.2200000e+00
   2.1957500e+01
   5.3687500e+01
   5.9825000e+00
   2.2655000e+01
   6.0975000e+00
   5.0567500e+01
   2.8875000e+00
   6.7875000e+00
   1.6537500e+01
   6.7300000e+00
   2.4167500e+01
   2.4065000e+01
   1.2387500e+01
   4.0275000e+00
   2.5267500e+01
   1.3825250e+02
   2.5197500e+01
   1.7487500e+01
   1.8195000e+01
   1.4990000e+01
   9.4400000e+00
   1.4665000e+01
   1.6563000e+02
   2.2830000e+01
   1.7530000e+01
   1.7410000e+01
   6.7402500e+01
   5.3235000e+01
   1.1105000e+01
   1.2897500e+01
   1.2397500e+01
   2.3862500e+01
   5.1000000e-01
   8.2600000e+00
   1.0055000e+01
   2.1100000e+01
   1.5312500e+01
   1.5142250e+02
   7.0000000e-02
   3.2985000e+01
   1.0018750e+02
   5.0300000e+00
   3.0675000e+00
   1.6307500e+01
   4.4470000e+01
   8.9450000e+00
   8.1637500e+01
   1.8607500e+01
   7.5850000e+00
   3.5612500e+01
   2.8600000e+00
   1.7822500e+01
   1.3652500e+01
   1.5980000e+01
   1.5167500e+01
   1.5181500e+02
   4.2125000e+01
   1.1061500e+02
   6.4450000e+00
   9.8875000e+00
   6.7225000e+00
   2.8697500e+01
   5.5175000e+00
   7.0645000e+01
   3.2895000e+01
   5.0500000e+00
   4.5500000e+01
   1.6902500e+01
   1.2725000e+01
   6.6175000e+00
   2.1147500e+01
   2.5120000e+01
