   4.8121767e+00
   4.3048811e+00
   4.2479392e+00
   4.2310457e+00
   2.2518163e+00
   2.7133941e+00
   2.3889948e+00
   3.4792708e+00
   1.0049387e+01
   3.4099648e+00
   2.1215329e+00
   4.7425496e+00
   4.7348247e+00
   1.7028808e+00
   5.8624157e+00
   5.7908502e+00
   8.3288219e+00
   6.2729154e+00
   1.9190741e+00
   4.5643600e+00
   1.7558990e+01
   1.2765031e+01
   3.6797965e+00
   2.2411894e+00
   2.9103653e+00
   5.1591736e+00
   3.9448917e+00
   2.7309340e+00
   4.0523582e+00
   3.7185187e+00
   1.7070721e+01
   5.4534111e+00
   6.2619961e+00
   3.4498705e+00
   1.0269490e+01
   3.6720031e+00
   1.0796826e+01
   3.6970565e+00
   5.2040182e+00
   5.4141627e+00
   4.7979340e+00
   5.1356749e+00
   2.7806019e+00
   3.7415597e+00
   5.9108115e+00
   1.9314740e+00
   3.7775431e+00
   3.5499139e+00
   1.4260833e+01
   3.7500574e+00
   4.9526720e+00
   3.5588693e+00
   5.5723540e+00
   3.0513217e+00
   4.7656490e+00
   2.3956476e+00
   1.8609706e+00
   3.2576758e+00
   1.3325389e+01
   7.8695852e+00
   6.3169081e+00
   3.3406503e+00
   1.2201766e+01
   2.0698916e+00
   5.6658232e+00
   1.1367825e+01
   4.9194614e+00
