   4.1612500e+01
   1.7492500e+01
   6.7900000e+00
   8.1150000e+00
   1.7510000e+01
   2.1357500e+01
   2.0255000e+01
   1.0400000e+01
   7.3850000e+00
   2.4400000e+01
   6.9400000e+00
   3.6162500e+01
   6.3595000e+01
   1.7202500e+01
   8.2125000e+00
   8.5075000e+00
   7.4225000e+00
   7.4450000e+00
   1.1547500e+01
   1.0552500e+01
   1.0077500e+01
   3.0367500e+01
   3.1275000e+00
   3.0100000e+00
   9.8000000e+00
   8.0775000e+00
   8.9925000e+00
   1.8490000e+01
   1.3667500e+01
   1.0360000e+01
   1.9695000e+01
   1.2102500e+01
   1.5817500e+01
   1.4200000e+01
   7.4675000e+00
   1.7800000e+01
   1.4015000e+01
   9.6725000e+00
   4.9850000e+00
   2.4290000e+01
   1.7900000e+01
   1.4087500e+01
   7.5775000e+00
   4.8375000e+00
   8.6125000e+00
   3.1525000e+00
   1.3922500e+01
   2.4150000e+00
   4.2625000e+00
   7.9925000e+00
   3.1700000e+00
   7.3050000e+00
   8.2975000e+00
   1.4672500e+01
   1.9090000e+01
   1.4015000e+01
   1.2112500e+01
   1.2315000e+01
   1.4922500e+01
   6.2600000e+00
   7.6225000e+00
   1.9350000e+00
   1.0360000e+01
   8.3050000e+00
   1.0650000e+01
   1.0632500e+01
   6.7900000e+00
   1.0812500e+01
   5.3800000e+00
   1.9677500e+01
   2.0480000e+01
   3.2550000e+00
   1.0402500e+01
   1.8642500e+01
   1.1630000e+01
   1.2195000e+01
   9.9875000e+00
   1.3677500e+01
   9.3150000e+00
   6.5625000e+00
   4.6725000e+00
   3.2675000e+00
   6.2750000e+00
   5.7925000e+00
   6.6300000e+00
   9.8950000e+00
   1.3590000e+01
   4.5100000e+00
   8.0875000e+00
   8.4500000e+00
   5.7275000e+01
   8.0800000e+00
   1.6632500e+01
   1.0125000e+01
   1.1222500e+01
   9.7650000e+00
   4.6400000e+00
   1.4885000e+01
   2.4875000e+00
   8.4150000e+00
   6.5550000e+00
   1.3180000e+01
   1.2210000e+01
   2.5672500e+01
   7.9150000e+00
   4.7825000e+00
   7.9000000e+00
   6.9025000e+00
   4.2800000e+00
   1.9800000e+00
   3.0860000e+01
   2.1032500e+01
   9.2175000e+00
   1.3385000e+01
   8.3000000e+00
   1.1697500e+01
   2.4075000e+00
   1.4532500e+01
   2.4000000e+00
   4.2725000e+00
   4.7800000e+00
   1.0317500e+01
   6.3550000e+00
   9.8250000e+00
   9.7525000e+00
   1.1875000e+01
   1.0995000e+01
   1.2090000e+01
   6.1250000e+00
   9.0050000e+00
   1.0825000e+01
   5.1900000e+00
   2.2475000e+00
   5.8275000e+00
   7.8200000e+00
   2.1710000e+01
   1.1137500e+01
   1.5330000e+01
   1.1560000e+01
   8.7950000e+00
   1.1507500e+01
   2.2530000e+01
   1.3927500e+01
   7.7900000e+00
   7.5400000e+00
   4.2705000e+01
   1.9745000e+01
   4.1600000e+00
   6.7500000e+00
   1.0635000e+01
   1.3580000e+01
   4.0750000e+00
   4.0025000e+00
   4.3350000e+00
   1.1135000e+01
   9.3025000e+00
   1.4377500e+01
   8.0750000e+00
   1.1410000e+01
   6.7275000e+00
   1.4257500e+01
   8.0950000e+00
   1.0162500e+01
   6.8800000e+00
   4.2300000e+00
   9.8625000e+00
   1.1150000e+01
   1.2517500e+01
   1.6565000e+01
   8.1150000e+00
   6.8425000e+00
   8.0650000e+00
   5.7050000e+00
   1.4425000e+00
   5.3050000e+00
   1.3322500e+01
   1.2220000e+01
   1.9800000e+01
   8.2250000e+00
   4.3250000e+00
   1.7180000e+01
   5.9300000e+00
   4.7525000e+00
   1.9247500e+01
   6.0400000e+00
   7.9200000e+00
   7.6275000e+00
   1.1532500e+01
   5.2425000e+00
   1.9375000e+01
   6.7625000e+00
   7.8500000e+00
   9.7700000e+00
   1.2315000e+01
   4.2125000e+00
   1.7917500e+01
   2.8675000e+00
   1.0267500e+01
   8.4750000e+00
   1.2357500e+01
   7.8475000e+00
   1.8322500e+01
   6.2525000e+00
   6.8475000e+00
   1.3927500e+01
   3.3450000e+00
   1.4090000e+01
   1.2172500e+01
   8.4300000e+00
   1.0307500e+01
   6.1350000e+00
   2.3100000e+00
   5.1425000e+00
   1.5235000e+01
   3.6595000e+01
   8.9825000e+00
   1.0400000e+01
   9.4750000e+00
   5.3575000e+00
