   3.1473487e+00
   3.6589772e+00
   5.3018814e+00
   3.3133832e+00
   4.7105607e+00
   6.5050839e+00
   5.8572553e+00
   4.4531681e+00
   4.4266417e+00
   5.8045759e+00
   4.0005776e+00
   6.2497845e+00
   7.5251132e+00
   5.9713544e+00
   5.0465804e+00
   4.6895661e+00
   1.2631926e+01
   1.4042542e+01
   4.7465749e+00
   2.9109121e+00
   4.3174329e+00
   3.5975658e+00
   3.0314364e+00
   6.5212116e+00
   4.0192321e+00
   6.3775887e+00
   3.8974027e+00
   4.4759830e+00
   3.7716401e+00
   3.8435351e+00
   6.5212116e+00
   4.3292131e+00
   5.4860003e+00
   6.6970040e+00
   3.4290476e+00
   5.8488258e+00
   3.8373188e+00
   3.9112623e+00
   6.0702185e+00
   2.4657086e+00
   4.2681231e+00
   3.9770364e+00
   3.2674323e+00
   3.1715284e+00
   3.9682225e+00
   5.6404852e+00
   3.8039936e+00
   1.0417818e+01
   1.9738574e+00
   4.1864236e+00
   1.0040990e+01
   5.1014720e+00
   2.7931658e+00
   5.8144383e+00
   3.1805484e+00
   2.7139806e+00
   6.0439426e+00
   3.2737584e+00
   3.0372060e+00
   4.1612568e+00
   2.8016998e+00
   7.2605303e+00
   4.8716717e+00
   3.0612159e+00
   3.1127725e+00
   5.0924166e+00
   6.8620392e+00
   5.4607023e+00
   3.4920555e+00
   4.2513098e+00
   2.3371345e+00
   7.8021524e+00
   5.6514789e+00
   3.8612997e+00
   3.5476715e+00
   4.8398786e+00
   7.2839475e+00
   2.6498898e+00
   2.9180112e+00
   7.8594667e+00
   2.5638056e+00
   3.7086615e+00
   7.7915378e+00
   7.1769705e+00
   9.8209510e+00
   3.6685340e+00
   3.9177676e+00
   4.9728759e+00
   5.0133570e+00
   2.7016376e+00
   5.3740354e+00
   5.3758120e+00
   5.5894647e+00
   3.7185187e+00
   4.3985083e+00
   3.0695232e+00
   4.0429213e+00
   4.4976208e+00
   5.6829324e+00
   1.2917847e+01
   4.2479392e+00
   3.0814256e+00
   1.9601021e+00
   4.4926640e+00
   3.7901616e+00
   3.0487126e+00
   3.4865821e+00
   5.9366043e+00
   4.5514401e+00
   5.2299492e+00
   3.9388353e+00
   4.4756275e+00
   3.9505359e+00
   3.8398065e+00
   3.3884270e+00
   6.2060854e+00
   5.5028011e+00
   6.7641602e+00
   4.0184401e+00
   2.3069767e+00
   3.3978081e+00
   4.3818321e+00
   4.1788133e+00
   3.1260380e+00
