   7.2789203e+00
   4.7193371e+00
   2.9402885e+00
   3.2143956e+00
   4.7216972e+00
   5.2147113e+00
   5.0783331e+00
   3.6389135e+00
   3.0664106e+00
   5.5737819e+00
   2.9725885e+00
   6.7855379e+00
   8.9984259e+00
   4.6800538e+00
   3.2336481e+00
   3.2912134e+00
   3.0741862e+00
   3.0788421e+00
   3.8344144e+00
   3.6654959e+00
   3.5820485e+00
   6.2181269e+00
   1.9955091e+00
   1.9576647e+00
   3.5323855e+00
   3.2069600e+00
   3.3837267e+00
   4.8520304e+00
   4.1715706e+00
   3.6319088e+00
   5.0076394e+00
   3.9254785e+00
   4.4877017e+00
   4.2520585e+00
   3.0834909e+00
   4.7606369e+00
   4.2242694e+00
   3.5093318e+00
   2.5193450e+00
   5.5612039e+00
   4.7739908e+00
   4.2351815e+00
   3.1061186e+00
   2.4817930e+00
   3.3114612e+00
   2.0034689e+00
   4.2103061e+00
   1.7535317e+00
   2.3296316e+00
   3.1900419e+00
   2.0090220e+00
   3.0497565e+00
   3.2503392e+00
   4.3222225e+00
   4.9301261e+00
   4.2242694e+00
   3.9270999e+00
   3.9597910e+00
   4.3588894e+00
   2.8232038e+00
   3.1153280e+00
   1.5696237e+00
   3.6319088e+00
   3.2518079e+00
   3.6823907e+00
   3.6793640e+00
   2.9402885e+00
   3.7103777e+00
   2.6172560e+00
   5.0054142e+00
   5.1064612e+00
   2.0357787e+00
   3.6393508e+00
   4.8719984e+00
   3.8480873e+00
   3.9404513e+00
   3.5660174e+00
   4.1730964e+00
   3.4438679e+00
   2.8906114e+00
   2.4391006e+00
   2.0396839e+00
   2.8265842e+00
   2.7157393e+00
   2.9054394e+00
   3.5494655e+00
   4.1597266e+00
   2.3963118e+00
   3.2089445e+00
   3.2800723e+00
   8.5396016e+00
   3.2074562e+00
   4.6018645e+00
   3.5904805e+00
   3.7800702e+00
   3.5260721e+00
   2.4306031e+00
   4.3534091e+00
   1.7796582e+00
   3.2732722e+00
   2.8889592e+00
   4.0964982e+00
   3.9428739e+00
   5.7172758e+00
   3.1745379e+00
   2.4676442e+00
   3.1715284e+00
   2.9645465e+00
   2.3344090e+00
   1.5877702e+00
   6.2683469e+00
   5.1748827e+00
   3.4257971e+00
   4.1282334e+00
   3.2508289e+00
   3.8592382e+00
   1.7508067e+00
   4.3015525e+00
   1.7480775e+00
   2.3323627e+00
   2.4669992e+00
   3.6244515e+00
   2.8445452e+00
   3.5368883e+00
   3.5238145e+00
   3.8884084e+00
   3.7415597e+00
   3.9234508e+00
   2.7925960e+00
   3.3860777e+00
   3.7125218e+00
   2.5706251e+00
   1.6916282e+00
   2.7239316e+00
   3.1554292e+00
   5.2575689e+00
   3.7657277e+00
   4.4180043e+00
   3.8364892e+00
   3.3463625e+00
   3.8277675e+00
   5.3559394e+00
   4.2110621e+00
   3.1493707e+00
   3.0984232e+00
   7.3738521e+00
   5.0139919e+00
   2.3014510e+00
   2.9316151e+00
   3.6797965e+00
   4.1581959e+00
   2.2778172e+00
   2.2574635e+00
   2.3493602e+00
   3.7653051e+00
   3.4415565e+00
   4.2785513e+00
   3.2064637e+00
   3.8115172e+00
   2.9267250e+00
   4.2606587e+00
   3.2104321e+00
   3.5971234e+00
   2.9597108e+00
   2.3207333e+00
   3.5436316e+00
   3.7678404e+00
   3.9922144e+00
   4.5925171e+00
   3.2143956e+00
   2.9516337e+00
   3.2044776e+00
   2.6951496e+00
   1.3552299e+00
   2.5989490e+00
   4.1185840e+00
   3.9444882e+00
   5.0209703e+00
   3.2361080e+00
   2.3466489e+00
   4.6769921e+00
   2.7477828e+00
   2.4598925e+00
   4.9504220e+00
   2.7731511e+00
   3.1755405e+00
   3.1163496e+00
   3.8319232e+00
   2.5835941e+00
   4.9667913e+00
   2.9343283e+00
   3.1614760e+00
   3.5269747e+00
   3.9597910e+00
   2.3159278e+00
   4.7763239e+00
   1.9107628e+00
   3.6156586e+00
   3.2849209e+00
   3.9666179e+00
   3.1609725e+00
   4.8300033e+00
   2.8215121e+00
   2.9527119e+00
   4.2110621e+00
   2.0637312e+00
   4.2355572e+00
   3.9368145e+00
   3.2761882e+00
   3.6226947e+00
   2.7948747e+00
   1.7149879e+00
   2.5588346e+00
   4.4042939e+00
   6.8259945e+00
   3.3818448e+00
   3.6389135e+00
   3.4733190e+00
   2.6117773e+00
