   7.7800000e+00
   1.0515000e+01
   2.2077500e+01
   8.6225000e+00
   1.7427500e+01
   3.3235000e+01
   2.6945000e+01
   1.5575000e+01
   1.5390000e+01
   2.6462500e+01
   1.2570000e+01
   3.0677500e+01
   4.4475000e+01
   2.8005000e+01
   2.0002500e+01
   1.7272500e+01
   1.2532250e+02
   1.5487500e+02
   1.7695000e+01
   6.6550000e+00
   1.4640000e+01
   1.0165000e+01
   7.2175000e+00
   3.3400000e+01
   1.2687500e+01
   3.1945000e+01
   1.1930000e+01
   1.5735000e+01
   1.1172500e+01
   1.1602500e+01
   3.3400000e+01
   1.4720000e+01
   2.3637500e+01
   3.5225000e+01
   9.2350000e+00
   2.6867500e+01
   1.1565000e+01
   1.2015000e+01
   2.8940000e+01
   4.7750000e+00
   1.4307500e+01
   1.2422500e+01
   8.3850000e+00
   7.9000000e+00
   1.2367500e+01
   2.4987500e+01
   1.1365000e+01
   8.5240000e+01
   3.0600000e+00
   1.3765000e+01
   7.9185000e+01
   2.0440000e+01
   6.1275000e+00
   2.6552500e+01
   7.9450000e+00
   5.7850000e+00
   2.8690000e+01
   8.4175000e+00
   7.2450000e+00
   1.3600000e+01
   6.1650000e+00
   4.1402500e+01
   1.8640000e+01
   7.3600000e+00
   7.6100000e+00
   2.0367500e+01
   3.6982500e+01
   2.3420000e+01
   9.5775000e+00
   1.4195000e+01
   4.2900000e+00
   4.7810000e+01
   2.5085000e+01
   1.1710000e+01
   9.8850000e+00
   1.8397500e+01
   4.1670000e+01
   5.5150000e+00
   6.6875000e+00
   4.8515000e+01
   5.1625000e+00
   1.0802500e+01
   4.7680000e+01
   4.0455000e+01
   7.5752500e+01
   1.0570000e+01
   1.2055000e+01
   1.9422500e+01
   1.9740000e+01
   5.7325000e+00
   2.2682500e+01
   2.2697500e+01
   2.4537500e+01
   1.0860000e+01
   1.5195000e+01
   7.4000000e+00
   1.2837500e+01
   1.5887500e+01
   2.5365000e+01
   1.3106000e+02
   1.4172500e+01
   7.4575000e+00
   3.0175000e+00
   1.5852500e+01
   1.1282500e+01
   7.3000000e+00
   9.5475000e+00
   2.7680000e+01
   1.6270000e+01
   2.1482500e+01
   1.2185000e+01
   1.5732500e+01
   1.2257500e+01
   1.1580000e+01
   9.0175000e+00
   3.0250000e+01
   2.3782500e+01
   3.5935000e+01
   1.2682500e+01
   4.1800000e+00
   9.0675000e+00
   1.5080000e+01
   1.3715000e+01
   7.6750000e+00
