   2.2979906e+00
   2.6672506e+00
   2.9419119e+00
   3.0669296e+00
   2.6868696e+00
   2.2376359e+00
   2.7535689e+00
   2.8051061e+00
   4.4183646e+00
   3.6024289e+00
   2.5117528e+00
   3.7030784e+00
   4.9152538e+00
   4.2253996e+00
   2.7731511e+00
   2.1697473e+00
   2.0240178e+00
   3.2099363e+00
   3.0119482e+00
   4.4763386e+00
   3.9794367e+00
   4.7203487e+00
   3.7943585e+00
   1.9535955e+00
   4.8621883e+00
   2.3769730e+00
   3.2610939e+00
   1.4450304e+00
   4.0397708e+00
   4.2737128e+00
   2.9939283e+00
   2.7443054e+00
   1.5977626e+00
   3.9071911e+00
   6.4999439e+00
   2.7425650e+00
   2.7633773e+00
   2.2518163e+00
   3.9646112e+00
   3.1995071e+00
   5.3719619e+00
   2.9294427e+00
   4.2291645e+00
   4.2419403e+00
   4.1646976e+00
   4.7415427e+00
   2.9196470e+00
   4.2651389e+00
   3.3358827e+00
   3.4765250e+00
   4.2900673e+00
   3.3392208e+00
   2.3028336e+00
   3.8654193e+00
   3.9818357e+00
   2.9602485e+00
   3.5891505e+00
   3.5292302e+00
   3.9254785e+00
   2.3507147e+00
   2.0161392e+00
   2.7587659e+00
   3.0282846e+00
   2.6196872e+00
   3.8472600e+00
   4.1970548e+00
   4.7270873e+00
   2.5375991e+00
   2.2212166e+00
   3.1275650e+00
   2.6904213e+00
   3.1458313e+00
   1.9405169e+00
   1.7056824e+00
   2.7622252e+00
   2.1520708e+00
   1.4809305e+00
   4.7942838e+00
   3.5052477e+00
   3.1624827e+00
   3.8769309e+00
   2.6426727e+00
   3.0927677e+00
   1.2653453e+00
   5.3273361e+00
   3.5341873e+00
   2.6779697e+00
   4.6462648e+00
   2.3207333e+00
   3.3860777e+00
   3.7189467e+00
   3.2321712e+00
   1.8898246e+00
   1.3291425e+00
   5.2889576e+00
   2.5476143e+00
   2.5187132e+00
   2.9510945e+00
   5.0764523e+00
   2.4286379e+00
   2.7920260e+00
   4.5831506e+00
   2.0775664e+00
   1.7508067e+00
   3.8039936e+00
   3.1367114e+00
   2.9250931e+00
   2.8260211e+00
   4.2438159e+00
   3.5287792e+00
   2.1638712e+00
   3.4378549e+00
   3.9031156e+00
   1.5877702e+00
   3.2257635e+00
   2.0645022e+00
   3.3066516e+00
   4.1030976e+00
   4.1370911e+00
   2.9949913e+00
   4.0609894e+00
   2.0575523e+00
   3.6191783e+00
   2.5363444e+00
   3.3738348e+00
   3.1086795e+00
   3.0953397e+00
   3.8978110e+00
   3.0393014e+00
   2.3055965e+00
   2.0153496e+00
   2.7834623e+00
   1.4549092e+00
   4.0460694e+00
   1.6869174e+00
   4.0817079e+00
   3.8031567e+00
   3.2356162e+00
   2.8260211e+00
   2.9741943e+00
   3.7619221e+00
   1.9024152e+00
   2.3949831e+00
   4.9032587e+00
   2.0042631e+00
   1.7103414e+00
   2.1609271e+00
   2.2645027e+00
   4.3869141e+00
   2.3262132e+00
   3.5029768e+00
   1.8377344e+00
   3.3700589e+00
   3.0803925e+00
   2.8254578e+00
   3.1493707e+00
   1.9256973e+00
   2.5199766e+00
   3.0840070e+00
   1.7122015e+00
   2.1623996e+00
   3.9561720e+00
   2.2931374e+00
   2.1565035e+00
   1.9843118e+00
   3.4188213e+00
   2.7344285e+00
   1.9273496e+00
   1.9730509e+00
   2.4984109e+00
   3.0757389e+00
   1.3773623e+00
   1.8168306e+00
   3.9088201e+00
   5.5276185e+00
   2.9965850e+00
   1.1026984e+00
   2.9478568e+00
   3.1402612e+00
   2.9774033e+00
   3.1554292e+00
   2.4585981e+00
