   1.0425000e+00
   3.4582500e+01
   2.0772500e+01
   2.5400000e+00
   1.1635000e+01
   1.6260000e+01
   9.9650000e+00
   9.1050000e+00
   1.0702500e+01
   1.9387500e+01
   6.9675000e+00
   7.0000000e-01
   6.6925000e+00
   1.6662500e+01
   1.5620000e+01
   6.2350000e+00
   1.6665000e+01
   1.3792500e+01
   1.9100000e+00
   1.3895000e+01
   2.8005000e+01
   1.7237500e+01
   6.2700000e+00
   7.6100000e+00
   3.9600000e+00
   1.2150000e+00
   1.3875000e+00
   5.2420000e+01
   9.2750000e+00
   5.5275000e+00
   2.2650000e+00
   1.2175000e+01
   3.3300000e+00
   4.9625000e+01
   1.0680000e+01
   5.2700000e+00
   5.0500000e+00
   1.8775000e+00
   7.8850000e+00
   1.5080000e+01
   1.1372500e+01
   2.5500000e+00
   2.4627500e+01
   4.6500000e+00
   1.0190000e+01
   2.0500000e+00
   2.6350000e+00
   1.6387500e+01
   1.3870000e+01
   2.1730000e+01
   7.1225000e+00
   6.8800000e+00
   3.8275000e+00
   7.4000000e+00
   9.1600000e+00
   3.0100000e+00
   4.7025000e+00
   1.2162500e+01
   1.0190000e+01
   7.1550000e+00
   7.5000000e-01
   7.9625000e+00
   2.5272500e+01
   1.6525000e+01
   4.3025000e+00
   1.2492500e+01
   1.5540000e+01
   2.2827500e+01
   2.0407500e+01
   4.4125000e+00
   9.2400000e+00
   5.4035000e+01
   3.0170000e+01
   7.6650000e+00
   6.4650000e+00
   4.5425000e+00
   3.8325000e+00
   9.6575000e+00
   1.3890000e+01
   1.5075000e+00
   7.3325000e+00
   1.7310000e+01
   2.2220000e+01
   2.7850000e+00
   1.0850000e+01
   5.5600000e+00
   7.4175000e+00
   7.8000000e-01
   1.0950000e+00
   5.2975000e+00
   8.8375000e+00
   2.8850000e+00
   1.8425000e+00
   1.5225000e+01
   1.1285000e+01
