   2.2637500e+01
   1.2117500e+01
   9.7925000e+00
   1.2025000e+01
   3.9225000e+00
   2.4405000e+01
   5.0775000e+00
   1.1485000e+01
   5.4250000e+00
   6.8725000e+00
   9.6975000e+00
   2.1732500e+01
   2.2750000e+00
   1.3947500e+01
   1.2797500e+01
   4.5850000e+00
   1.2197500e+01
   4.6825000e+01
   2.9297500e+01
   7.6325000e+00
   7.0475000e+00
   1.2167500e+01
   1.2477500e+01
   2.0202500e+01
   6.8100000e+00
   6.7850000e+00
   2.1415000e+01
   1.8667500e+01
   1.8350000e+00
   5.5375000e+00
   2.0430000e+01
   1.4625000e+00
   1.9887500e+01
   1.1245000e+01
   1.1910000e+01
   1.5097500e+01
   8.2925000e+00
   2.0435000e+01
   8.9750000e+00
   8.2975000e+00
   1.1315000e+01
   1.5985000e+01
   5.1625000e+00
   5.3350000e+00
   2.2607500e+01
   1.5475000e+01
   1.1482500e+01
   1.1715000e+01
   5.2050000e+00
   1.4325000e+01
   1.0910000e+01
   1.2492500e+01
   1.6475000e+00
   6.2575000e+00
   2.9580000e+01
   8.8000000e+00
   6.1250000e+00
   2.3952500e+01
   1.1775000e+00
   1.7750000e+00
   1.4110000e+01
   1.2100000e+01
   1.9497500e+01
   9.2000000e+00
   9.2400000e+00
   1.8680000e+01
   1.1710000e+01
   1.5052500e+01
   2.2772500e+01
   1.5350000e+01
   1.8072500e+01
   1.7232500e+01
   1.3177500e+01
   6.6350000e+00
   2.0730000e+01
   1.3865000e+01
   1.5457500e+01
   1.9752500e+01
   1.4287500e+01
   3.0937500e+01
   9.9925000e+00
   2.6450000e+00
   3.3725000e+00
   1.6427500e+01
   8.4300000e+00
   9.7375000e+00
   8.9025000e+00
   1.1330000e+01
   1.5465000e+01
   9.0175000e+00
   9.7200000e+00
   5.3350000e+00
   2.2532500e+01
   2.2252500e+01
   9.5525000e+00
   1.7935000e+01
   2.2525000e+00
   9.8150000e+00
   1.2000000e+00
   1.0200000e+01
   7.3075000e+00
   3.3725000e+00
   1.3592500e+01
   1.9727500e+01
   4.3477500e+01
   2.3025000e+00
   7.1900000e+00
   3.4475000e+00
   6.6825000e+00
   5.9175000e+00
   1.8187500e+01
   3.4215000e+01
   4.2075000e+00
   7.9900000e+00
   7.6375000e+00
   1.3372500e+01
   1.7127500e+01
   1.0732500e+01
   4.1675000e+00
   8.4200000e+00
   6.7250000e+00
   1.8480000e+01
