   1.1521077e+00
   6.6356467e+00
   5.1427977e+00
   1.7983405e+00
   3.8489144e+00
   4.5500412e+00
   3.5619983e+00
   3.4048269e+00
   3.6914558e+00
   4.9683933e+00
   2.9784722e+00
   9.4406974e-01
   2.9191019e+00
   4.6060128e+00
   4.4595966e+00
   2.8175607e+00
   4.6063583e+00
   4.1906033e+00
   1.5594510e+00
   4.2061459e+00
   5.9713544e+00
   4.6848123e+00
   2.8254578e+00
   3.1127725e+00
   2.2454462e+00
   1.2437789e+00
   1.3291425e+00
   8.1696522e+00
   3.4364657e+00
   2.6528912e+00
   1.6982013e+00
   3.9372187e+00
   2.0590988e+00
   7.9488686e+00
   3.6875735e+00
   2.5903614e+00
   2.5357168e+00
   1.5461265e+00
   3.1685160e+00
   4.3818321e+00
   3.8052486e+00
   1.8018770e+00
   5.5997060e+00
   2.4332209e+00
   3.6019871e+00
   1.6155931e+00
   1.8316621e+00
   4.5678456e+00
   4.2023603e+00
   5.2599900e+00
   3.0114197e+00
   2.9597108e+00
   2.2075607e+00
   3.0695232e+00
   3.4150951e+00
   1.9576647e+00
   2.4469183e+00
   3.9351971e+00
   3.6019871e+00
   3.0182824e+00
   9.7720502e-01
   3.1840493e+00
   5.6725608e+00
   4.5869689e+00
   2.3405369e+00
   3.9882258e+00
   4.4481617e+00
   5.3911850e+00
   5.0974146e+00
   2.3702678e+00
   3.4299757e+00
   8.2945463e+00
   6.1978736e+00
   3.1240008e+00
   2.8690580e+00
   2.4049305e+00
   2.2090022e+00
   3.5066096e+00
   4.2053891e+00
   1.3854272e+00
   3.0554916e+00
   4.6946540e+00
   5.3189644e+00
   1.8830752e+00
   3.7168063e+00
   2.6606788e+00
   3.0731506e+00
   9.9655750e-01
   1.1807613e+00
   2.5971112e+00
   3.3544380e+00
   1.9165845e+00
   1.5316474e+00
   4.4028482e+00
   3.7905815e+00
