   5.3687019e+00
   3.9279104e+00
   3.5310336e+00
   3.9128897e+00
   2.2347891e+00
   5.5743530e+00
   2.5426116e+00
   3.8240236e+00
   2.6281789e+00
   2.9580972e+00
   3.5138640e+00
   5.2602926e+00
   1.7019459e+00
   4.2140845e+00
   4.0366178e+00
   2.4161547e+00
   3.9408552e+00
   7.7213627e+00
   6.1075965e+00
   3.1173708e+00
   2.9955226e+00
   3.9360059e+00
   3.9858307e+00
   5.0717474e+00
   2.9446156e+00
   2.9392057e+00
   5.2217262e+00
   4.8752640e+00
   1.5285269e+00
   2.6552898e+00
   5.1002239e+00
   1.3645926e+00
   5.0320524e+00
   3.7838576e+00
   3.8941344e+00
   4.3843738e+00
   3.2493598e+00
   5.1008480e+00
   3.3804327e+00
   3.2503392e+00
   3.7956166e+00
   4.5114005e+00
   2.5638056e+00
   2.6062872e+00
   5.3651433e+00
   4.4388492e+00
   3.8236073e+00
   3.8621239e+00
   2.5743372e+00
   4.2707325e+00
   3.7270690e+00
   3.9882258e+00
   1.4483308e+00
   2.8226400e+00
   6.1369720e+00
   3.3473135e+00
   2.7925960e+00
   5.5224334e+00
   1.2244344e+00
   1.5033297e+00
   4.2385623e+00
   3.9250731e+00
   4.9824681e+00
   3.4225435e+00
   3.4299757e+00
   4.8768960e+00
   3.8612997e+00
   4.3778349e+00
   5.3846864e+00
   4.4208853e+00
   4.7969388e+00
   4.6841328e+00
   4.0961096e+00
   2.9065348e+00
   5.1375340e+00
   4.2016028e+00
   4.4363386e+00
   5.0149441e+00
   4.2651389e+00
   6.2762129e+00
   3.5669099e+00
   1.8351345e+00
   2.0721970e+00
   4.5734170e+00
   3.2761882e+00
   3.5211035e+00
   3.3667514e+00
   3.7981317e+00
   4.4374147e+00
   3.3884270e+00
   3.5179381e+00
   2.6062872e+00
   5.3562366e+00
   5.3228529e+00
   3.4874949e+00
   4.7786558e+00
   1.6935088e+00
   3.5350879e+00
   1.2360774e+00
   3.6037541e+00
   3.0502783e+00
   2.0721970e+00
   4.1601092e+00
   5.0117695e+00
   7.4402468e+00
   1.7122015e+00
   3.0256557e+00
   2.0951118e+00
   2.9169202e+00
   2.7448852e+00
   4.8121767e+00
   6.6002948e+00
   2.3145530e+00
   3.1895429e+00
   3.1183917e+00
   4.1263053e+00
   4.6698405e+00
   3.6966259e+00
   2.3035246e+00
   3.2742445e+00
   2.9261811e+00
   4.8507182e+00
