   4.1475000e+00
   5.5875000e+00
   6.7975000e+00
   7.3875000e+00
   5.6700000e+00
   3.9325000e+00
   5.9550000e+00
   6.1800000e+00
   1.5332500e+01
   1.0192500e+01
   4.9550000e+00
   1.0770000e+01
   1.8975000e+01
   1.4022500e+01
   6.0400000e+00
   3.6975000e+00
   3.2175000e+00
   8.0925000e+00
   7.1250000e+00
   1.5737500e+01
   1.2437500e+01
   1.7500000e+01
   1.1307500e+01
   2.9975000e+00
   1.8567500e+01
   4.4375000e+00
   8.3525000e+00
   1.6400000e+00
   1.2817500e+01
   1.4345000e+01
   7.0400000e+00
   5.9150000e+00
   2.0050000e+00
   1.1990000e+01
   3.3182500e+01
   5.9075000e+00
   5.9975000e+00
   3.9825000e+00
   1.2345000e+01
   8.0400000e+00
   2.2665000e+01
   6.7400000e+00
   1.4047500e+01
   1.4132500e+01
   1.3622500e+01
   1.7657500e+01
   6.6950000e+00
   1.4287500e+01
   8.7400000e+00
   9.4925000e+00
   1.4455000e+01
   8.7575000e+00
   4.1650000e+00
   1.1735000e+01
   1.2452500e+01
   6.8825000e+00
   1.0117500e+01
   9.7825000e+00
   1.2102500e+01
   4.3400000e+00
   3.1925000e+00
   5.9775000e+00
   7.2025000e+00
   5.3900000e+00
   1.1625000e+01
   1.3835000e+01
   1.7550000e+01
   5.0575000e+00
   3.8750000e+00
   7.6825000e+00
   5.6850000e+00
   7.7725000e+00
   2.9575000e+00
   2.2850000e+00
   5.9925000e+00
   3.6375000e+00
   1.7225000e+00
   1.8052500e+01
   9.6500000e+00
   7.8550000e+00
   1.1805000e+01
   5.4850000e+00
   7.5125000e+00
   1.2575000e+00
   2.2290000e+01
   9.8100000e+00
   5.6325000e+00
   1.6955000e+01
   4.2300000e+00
   9.0050000e+00
   1.0862500e+01
   8.2050000e+00
   2.8050000e+00
   1.3875000e+00
   2.1970000e+01
   5.0975000e+00
   4.9825000e+00
   6.8400000e+00
   2.0240000e+01
   4.6325000e+00
   6.1225000e+00
   1.6497500e+01
   3.3900000e+00
   2.4075000e+00
   1.1365000e+01
   7.7275000e+00
   6.7200000e+00
   6.2725000e+00
   1.4145000e+01
   9.7800000e+00
   3.6775000e+00
   9.2825000e+00
   1.1965000e+01
   1.9800000e+00
   8.1725000e+00
   3.3475000e+00
   8.5875000e+00
   1.3222500e+01
   1.3442500e+01
   7.0450000e+00
   1.2952500e+01
   3.3250000e+00
   1.0287500e+01
   5.0525000e+00
   8.9400000e+00
   7.5900000e+00
   7.5250000e+00
   1.1932500e+01
   7.2550000e+00
   4.1750000e+00
   3.1900000e+00
   6.0850000e+00
   1.6625000e+00
   1.2857500e+01
   2.2350000e+00
   1.3085000e+01
   1.1360000e+01
   8.2225000e+00
   6.2725000e+00
   6.9475000e+00
   1.1115000e+01
   2.8425000e+00
   4.5050000e+00
   1.8882500e+01
   3.1550000e+00
   2.2975000e+00
   3.6675000e+00
   4.0275000e+00
   1.5115000e+01
   4.2500000e+00
   9.6375000e+00
   2.6525000e+00
   8.9200000e+00
   7.4525000e+00
   6.2700000e+00
   7.7900000e+00
   2.9125000e+00
   4.9875000e+00
   7.4700000e+00
   2.3025000e+00
   3.6725000e+00
   1.2292500e+01
   4.1300000e+00
   3.6525000e+00
   3.0925000e+00
   9.1800000e+00
   5.8725000e+00
   2.9175000e+00
   3.0575000e+00
   4.9025000e+00
   7.4300000e+00
   1.4900000e+00
   2.5925000e+00
   1.2000000e+01
   2.3997500e+01
   7.0525000e+00
   9.5500000e-01
   6.8250000e+00
   7.7450000e+00
   6.9625000e+00
   7.8200000e+00
   4.7475000e+00
