   7.8875000e+00
   4.9317500e+01
   2.2472500e+01
   1.9400000e+01
   2.0750000e-01
   2.4420000e+01
   4.4250000e-01
   8.7150000e+00
   4.3000000e-01
   3.2250000e-01
   3.5000000e-01
   3.3302500e+01
   7.0750000e-01
   3.4250000e-01
   1.5290000e+01
   1.5520000e+01
   2.6855000e+01
   1.3050000e+01
   1.0000000e-01
   3.0012500e+01
   4.4457500e+01
   2.8030000e+01
   2.0090000e+01
   9.7725000e+00
   1.6942500e+01
   8.5645000e+01
   1.5372500e+02
   1.7970000e+01
   5.2025000e+00
   1.4782500e+01
   4.3850000e+01
   1.2655000e+01
   3.2240000e+01
   1.2517500e+01
   3.6197500e+01
   1.6637500e+01
   1.2002500e+01
   1.2105000e+01
   3.2627500e+01
   1.1250000e-01
   1.5775000e+01
   1.2250000e-01
   3.5500000e+01
   7.8937500e+01
   9.3700000e+00
   1.5475000e+01
   2.6835000e+01
   2.9157500e+01
   1.5252500e+01
   1.2475000e+01
   8.6650000e+00
   8.1750000e+00
   7.2425000e+00
   1.2560000e+01
   7.6600000e+00
   1.1507500e+01
   1.8902500e+01
   8.8700000e+01
   1.3980000e+01
   7.8252500e+01
   2.0787500e+01
   2.6682500e+01
   8.0850000e+00
   5.9675000e+00
   2.7930000e+01
   8.4225000e+00
   7.1425000e+00
   1.3617500e+01
   2.5567500e+01
   1.9827500e+01
   7.2425000e+00
   7.8700000e+00
   2.0607500e+01
   4.9475000e+00
   3.6917500e+01
   2.3522500e+01
   9.7800000e+00
   1.4385000e+01
   1.4940000e+01
   2.5442500e+01
   1.1832500e+01
   3.1027500e+01
   1.8465000e+01
   4.1147500e+01
   4.8725000e+01
   6.2100000e+00
   1.0970000e+01
   4.0877500e+01
   6.8165000e+01
   9.8000000e+00
   1.2060000e+01
   1.9395000e+01
   1.9797500e+01
   3.7200000e+00
   2.3735000e+01
   2.2680000e+01
   2.4222500e+01
   1.0977500e+01
   1.4970000e+01
   7.6050000e+00
   3.0650000e+01
   7.0400000e+00
   1.3092250e+02
   1.4165000e+01
   1.4000000e-01
   1.2645000e+01
   4.8475000e+00
   7.4600000e+00
   1.1497500e+01
   9.7150000e+00
   2.7655000e+01
   1.2542500e+01
   1.0220000e+01
   1.5962500e+01
   1.2770000e+01
   1.1607500e+01
   9.1875000e+00
   3.0500000e+01
   2.4117500e+01
   3.5930000e+01
   1.7225000e+00
   1.4955000e+01
   1.3817500e+01
   6.4500000e-01
   6.3000000e-01
   4.6750000e-01
   7.4000000e-01
   1.3557500e+01
