   3.1690183e+00
   7.9242029e+00
   5.3491005e+00
   4.9699947e+00
   5.1400117e-01
   5.5760658e+00
   7.5060542e-01
   3.3311083e+00
   7.3992770e-01
   6.4079619e-01
   6.6755812e-01
   6.5116864e+00
   9.4911379e-01
   6.6036698e-01
   4.4122367e+00
   4.4452984e+00
   5.8474651e+00
   4.0762453e+00
   3.5682482e-01
   6.1816747e+00
   7.5236326e+00
   5.9740191e+00
   5.0576064e+00
   3.5274259e+00
   4.6445518e+00
   1.0442538e+01
   1.3990309e+01
   4.7833163e+00
   2.5737189e+00
   4.3383941e+00
   7.4720515e+00
   4.0140810e+00
   6.4069683e+00
   3.9922144e+00
   6.7888208e+00
   4.6025561e+00
   3.9092272e+00
   3.9258839e+00
   6.4453567e+00
   3.7846988e-01
   4.4816686e+00
   3.9493271e-01
   6.7230948e+00
   1.0025285e+01
   3.4540201e+00
   4.4388492e+00
   5.8452873e+00
   6.0929863e+00
   4.4068227e+00
   3.9854314e+00
   3.3215389e+00
   3.2262569e+00
   3.0366820e+00
   3.9989860e+00
   3.1229817e+00
   3.8277675e+00
   4.9058547e+00
   1.0627151e+01
   4.2189914e+00
   9.9816921e+00
   5.1446542e+00
   5.8286546e+00
   3.2084485e+00
   2.7564573e+00
   5.9633531e+00
   3.2747305e+00
   3.0156448e+00
   4.1639332e+00
   5.7055720e+00
   5.0244559e+00
   3.0366820e+00
   3.1655008e+00
   5.1223319e+00
   2.5098511e+00
   6.8560062e+00
   5.4726390e+00
   3.5287792e+00
   4.2796671e+00
   4.3614446e+00
   5.6916076e+00
   3.8814439e+00
   6.2853353e+00
   4.8487491e+00
   7.2381368e+00
   7.8764584e+00
   2.8119064e+00
   3.7373035e+00
   7.2143502e+00
   9.3161351e+00
   3.5323855e+00
   3.9185800e+00
   4.9693542e+00
   5.0206533e+00
   2.1763389e+00
   5.4973030e+00
   5.3737392e+00
   5.5534714e+00
   3.7385809e+00
   4.3658213e+00
   3.1117498e+00
   6.2469826e+00
   2.9939283e+00
   1.2911069e+01
   4.2468151e+00
   4.2220082e-01
   4.0124947e+00
   2.4843568e+00
   3.0819421e+00
   3.8261040e+00
   3.5170331e+00
   5.9339228e+00
   3.9961991e+00
   3.6072854e+00
   4.5082243e+00
   4.0322784e+00
   3.8443631e+00
   3.4202176e+00
   6.2316776e+00
   5.5414217e+00
   6.7636896e+00
   1.4809305e+00
   4.3636335e+00
   4.1943995e+00
   9.0622266e-01
   8.9562320e-01
   7.7151765e-01
   9.7066846e-01
   4.1547497e+00
