   7.2725766e+00
   4.5398860e+00
   8.0706723e+00
   3.1755405e+00
   4.3482879e+00
   5.0958533e+00
   2.9854107e+00
   3.0809091e+00
   4.5803717e+00
   2.8878572e+00
   2.0255899e+00
   6.7855379e+00
   6.3543378e+00
   4.5789816e+00
   3.3719474e+00
   3.2810426e+00
   2.5631847e+00
   3.1040683e+00
   3.8069212e+00
   6.3085882e+00
   3.6802290e+00
   3.5784922e+00
   6.2112123e+00
   1.9446134e+00
   3.5602106e+00
   3.2158806e+00
   3.4429435e+00
   4.8576035e+00
   4.1845223e+00
   3.6598470e+00
   5.0006424e+00
   3.8957689e+00
   4.5173938e+00
   4.2423155e+00
   3.1086795e+00
   4.7317985e+00
   4.1936406e+00
   3.5422840e+00
   5.6073747e+00
   4.8082062e+00
   2.8079416e+00
   2.5079480e+00
   4.2520585e+00
   3.1539157e+00
   4.2189914e+00
   2.3507147e+00
   3.2049743e+00
   2.1498511e+00
   3.0591356e+00
   2.4811516e+00
   3.2356162e+00
   4.3497517e+00
   4.9285117e+00
   3.9432776e+00
   3.9311506e+00
   4.2878408e+00
   2.8367012e+00
   3.1604690e+00
   2.6166478e+00
   1.5696237e+00
   3.6266465e+00
   3.2228018e+00
   3.0103625e+00
   3.6520110e+00
   3.6459047e+00
   3.9469084e+00
   3.7202303e+00
   5.0197022e+00
   5.1195347e+00
   1.9495179e+00
   2.1072311e+00
   3.6711361e+00
   4.7522717e+00
   4.1038733e+00
   3.9444882e+00
   4.1466975e+00
   3.5744872e+00
   3.4438679e+00
   2.9256372e+00
   2.4811516e+00
   2.8740462e+00
   4.3122690e+00
   2.8584987e+00
   3.5570800e+00
   4.0953325e+00
   2.3568003e+00
   3.1825494e+00
   2.3581505e+00
   8.4647242e+00
   4.6153329e+00
   3.6147781e+00
   3.7985507e+00
   3.5793816e+00
   2.5237632e+00
   4.3665504e+00
   3.2606058e+00
   2.4161547e+00
   2.9397472e+00
   4.1274623e+00
   3.2024904e+00
   3.9238564e+00
   5.6818121e+00
   3.2791017e+00
   2.5817453e+00
   3.1488653e+00
   1.5212208e+00
   6.2383144e+00
   3.1240008e+00
   3.1750392e+00
   2.4753718e+00
   5.1816444e+00
   3.8310924e+00
   4.1255339e+00
   3.2791017e+00
   3.8933169e+00
   1.7508067e+00
   1.8957106e+00
   4.3148517e+00
   2.5798953e+00
   3.3037624e+00
   1.8999037e+00
   3.6698353e+00
   3.5422840e+00
   1.7526239e+00
   3.5188428e+00
   3.9428739e+00
   3.7385809e+00
   3.8538733e+00
   2.8254578e+00
   3.4471014e+00
   3.7103777e+00
   4.2099281e+00
   1.6963258e+00
   2.7326818e+00
   3.1810488e+00
   3.0156448e+00
   3.0361578e+00
   3.7500574e+00
   4.3137450e+00
   2.5854415e+00
   6.7702750e-01
   3.3582316e+00
   3.8219420e+00
   4.4144004e+00
   2.8612812e+00
   4.4460144e+00
   3.0082470e+00
   3.1483599e+00
   3.0471461e+00
   1.4927053e+00
   7.3762259e+00
   5.2799223e+00
   2.9757992e+00
   3.6970565e+00
   4.1601092e+00
   2.3007593e+00
   2.2588731e+00
   3.7326162e+00
   3.4429435e+00
   4.2789233e+00
   3.2459293e+00
   3.8048303e+00
   2.2118822e+00
   1.6234549e+00
   2.9152828e+00
   3.1715284e+00
   4.4531681e+00
   3.2547432e+00
   2.9933966e+00
   3.5619983e+00
   2.3769730e+00
   3.5521548e+00
   3.7989696e+00
   3.9116692e+00
   4.7826508e+00
   3.2464196e+00
   2.9784722e+00
   3.2019934e+00
   2.7204237e+00
   2.6001735e+00
   2.2247963e+00
   2.6516910e+00
   4.0216073e+00
   4.9980956e+00
   3.2400401e+00
   1.7000746e+00
   4.6922803e+00
   2.7891744e+00
   2.4650630e+00
   4.8980625e+00
   2.7332642e+00
   2.4631253e+00
   3.1765427e+00
   2.4364891e+00
   3.1397543e+00
   2.5476143e+00
   5.2862487e+00
   2.9402885e+00
   3.1920369e+00
   3.5120518e+00
   3.9646112e+00
   1.0171072e+00
   1.7000746e+00
   3.6698353e+00
   3.6419738e+00
   3.3377906e+00
   3.9331744e+00
   3.1660035e+00
   2.6862772e+00
   4.7809866e+00
   2.7937356e+00
   2.9928649e+00
   1.1861407e+00
   4.2087938e+00
   1.2360774e+00
   2.0466944e+00
   2.4592454e-01
   3.1280738e+00
   3.9161423e+00
   3.2820126e+00
   3.7240786e+00
   2.8237675e+00
   1.7426062e+00
   2.6939683e+00
   2.9489364e+00
   6.8192295e+00
   2.8701672e+00
   3.6472140e+00
   2.4062537e+00
   3.4627638e+00
   3.5530508e+00
   2.5761912e+00
   5.3225539e-01
   5.0777063e-01
   3.8265199e-01
   4.5486418e-01
