   4.1540000e+01
   1.6187500e+01
   5.1157500e+01
   7.9200000e+00
   1.4850000e+01
   2.0395000e+01
   7.0000000e+00
   7.4550000e+00
   1.6477500e+01
   6.5500000e+00
   3.2225000e+00
   3.6162500e+01
   3.1712500e+01
   1.6467500e+01
   8.9300000e+00
   8.4550000e+00
   5.1600000e+00
   7.5675000e+00
   1.1382500e+01
   3.1257500e+01
   1.0637500e+01
   1.0057500e+01
   3.0300000e+01
   2.9700000e+00
   9.9550000e+00
   8.1225000e+00
   9.3100000e+00
   1.8532500e+01
   1.3752500e+01
   1.0520000e+01
   1.9640000e+01
   1.1920000e+01
   1.6027500e+01
   1.4135000e+01
   7.5900000e+00
   1.7585000e+01
   1.3812500e+01
   9.8550000e+00
   2.4695000e+01
   1.8157500e+01
   6.1925000e+00
   4.9400000e+00
   1.4200000e+01
   7.8125000e+00
   1.3980000e+01
   4.3400000e+00
   8.0675000e+00
   3.6300000e+00
   7.3500000e+00
   4.8350000e+00
   8.2225000e+00
   1.4860000e+01
   1.9077500e+01
   1.2212500e+01
   1.2137500e+01
   1.4440000e+01
   6.3200000e+00
   7.8450000e+00
   5.3775000e+00
   1.9350000e+00
   1.0330000e+01
   8.1575000e+00
   7.1175000e+00
   1.0475000e+01
   1.0440000e+01
   1.2235000e+01
   1.0870000e+01
   1.9790000e+01
   2.0585000e+01
   2.9850000e+00
   3.4875000e+00
   1.0585000e+01
   1.7737500e+01
   1.3227500e+01
   1.2220000e+01
   1.3505000e+01
   1.0035000e+01
   9.3150000e+00
   6.7225000e+00
   4.8350000e+00
   6.4875000e+00
   1.4605000e+01
   6.4175000e+00
   9.9375000e+00
   1.3172500e+01
   4.3625000e+00
   7.9550000e+00
   4.3675000e+00
   5.6275000e+01
   1.6730000e+01
   1.0262500e+01
   1.1332500e+01
   1.0062500e+01
   5.0025000e+00
   1.4975000e+01
   8.3500000e+00
   4.5850000e+00
   6.7875000e+00
   1.3380000e+01
   8.0550000e+00
   1.2092500e+01
   2.5355000e+01
   8.4450000e+00
   5.2350000e+00
   7.7875000e+00
   1.8175000e+00
   3.0565000e+01
   7.6650000e+00
   7.9175000e+00
   4.8125000e+00
   2.1087500e+01
   1.1527500e+01
   1.3367500e+01
   8.4450000e+00
   1.1905000e+01
   2.4075000e+00
   2.8225000e+00
   1.4622500e+01
   5.2275000e+00
   8.5725000e+00
   2.8350000e+00
   1.0577500e+01
   9.8550000e+00
   2.4125000e+00
   9.7250000e+00
   1.2210000e+01
   1.0977500e+01
   1.1665000e+01
   6.2700000e+00
   9.3325000e+00
   1.0812500e+01
   1.3920000e+01
   2.2600000e+00
   5.8650000e+00
   7.9475000e+00
   7.1425000e+00
   7.2400000e+00
   1.1045000e+01
   1.4615000e+01
   5.2500000e+00
   3.6000000e-01
   8.8575000e+00
   1.1472500e+01
   1.5305000e+01
   6.4300000e+00
   1.5525000e+01
   7.1075000e+00
   7.7850000e+00
   7.2925000e+00
   1.7500000e+00
   4.2732500e+01
   2.1895000e+01
   6.9550000e+00
   1.0735000e+01
   1.3592500e+01
   4.1575000e+00
   4.0075000e+00
   1.0942500e+01
   9.3100000e+00
   1.4380000e+01
   8.2750000e+00
   1.1370000e+01
   3.8425000e+00
   2.0700000e+00
   6.6750000e+00
   7.9000000e+00
   1.5575000e+01
   8.3200000e+00
   7.0375000e+00
   9.9650000e+00
   4.4375000e+00
   9.9100000e+00
   1.1335000e+01
   1.2017500e+01
   1.7965000e+01
   8.2775000e+00
   6.9675000e+00
   8.0525000e+00
   5.8125000e+00
   5.3100000e+00
   3.8875000e+00
   5.5225000e+00
   1.2702500e+01
   1.9620000e+01
   8.2450000e+00
   2.2700000e+00
   1.7292500e+01
   6.1100000e+00
   4.7725000e+00
   1.8842500e+01
   5.8675000e+00
   4.7650000e+00
   7.9250000e+00
   4.6625000e+00
   7.7425000e+00
   5.0975000e+00
   2.1947500e+01
   6.7900000e+00
   8.0025000e+00
   9.6875000e+00
   1.2345000e+01
   8.1250000e-01
   2.2700000e+00
   1.0577500e+01
   1.0417500e+01
   8.7500000e+00
   1.2150000e+01
   7.8725000e+00
   5.6675000e+00
   1.7952500e+01
   6.1300000e+00
   7.0350000e+00
   1.1050000e+00
   1.3912500e+01
   1.2000000e+00
   3.2900000e+00
   4.7500000e-02
   7.6850000e+00
   1.2045000e+01
   8.4600000e+00
   1.0892500e+01
   6.2625000e+00
   2.3850000e+00
   5.7000000e+00
   6.8300000e+00
   3.6522500e+01
   6.4700000e+00
   1.0447500e+01
   4.5475000e+00
   9.4175000e+00
   9.9150000e+00
   5.2125000e+00
   2.2250000e-01
   2.0250000e-01
   1.1500000e-01
   1.6250000e-01
