   9.5100000e+00
   2.3675000e+00
   2.5025000e+00
   5.9850000e+00
   2.6975000e+00
   1.6150000e+00
   4.2450000e+00
   3.3150000e+00
   7.7825000e+00
   7.4925000e+00
   7.9250000e-01
   2.9375000e+00
   1.0162500e+01
   1.4265000e+01
   4.0125000e+00
   9.4675000e+00
   3.2225000e+00
   2.2750000e+00
   6.5825000e+00
   1.7700000e+00
   2.8825000e+00
   1.3292500e+01
   1.0155000e+01
   1.3925000e+00
   4.7775000e+00
   9.1350000e+00
   2.3200000e+00
   1.4217500e+01
   6.7300000e+00
   7.8750000e-01
   1.2342500e+01
   1.2975000e+00
   1.1575000e+01
   5.7100000e+00
   1.0300000e+00
   4.1500000e+00
   1.0275000e+00
   1.0422500e+01
   3.2680000e+01
   7.6750000e-01
   5.0200000e+00
   6.8675000e+00
   2.5275000e+00
   5.9475000e+00
   7.2100000e+00
   3.1025000e+00
   1.2910000e+01
   7.4425000e+00
   2.2582500e+01
   7.1250000e+00
   1.4072500e+01
   3.9750000e-01
   3.4075000e+00
   1.3875000e+01
   4.8500000e-01
   1.2132500e+01
   6.4000000e-01
   1.3147500e+01
   5.2300000e+00
   3.7725000e+00
   1.3297500e+01
   8.5600000e+00
   1.2950000e+00
   5.8725000e+00
   9.8200000e+00
   1.4850000e+00
   1.5800000e+00
   1.3085000e+01
   6.4500000e+00
   3.7375000e+00
   1.3552500e+01
   1.1552500e+01
   1.3525000e+00
   6.2825000e+00
   8.4925000e+00
   1.0375000e+00
   9.2850000e+00
   9.8200000e+00
   6.9500000e-01
   1.1947500e+01
   2.9825000e+00
   3.2300000e+00
   5.1450000e+00
   2.6300000e+00
   7.1425000e+00
   1.0937500e+01
   1.3142500e+01
   1.7172500e+01
   6.9750000e-01
   1.2700000e+00
   7.2175000e+00
   3.5650000e+00
   5.0225000e+00
   3.4000000e+00
   7.2350000e+00
   2.8525000e+00
   9.0500000e-01
   5.1275000e+00
   2.7625000e+00
   8.1000000e-01
   1.4997500e+01
   5.5125000e+00
   1.8375000e+00
   8.8950000e+00
   6.4075000e+00
   5.0950000e+00
   1.1580000e+01
   6.8000000e+00
   9.1500000e-01
   9.3475000e+00
   2.1285000e+01
   5.2800000e+00
   3.1725000e+00
   1.5865000e+01
   8.8425000e+00
   2.1575000e+00
   9.2250000e-01
   1.1317500e+01
   7.6875000e+00
   1.7425000e+00
   8.1250000e-01
   2.2610000e+01
   4.9025000e+00
   1.2825000e+00
   2.5625000e+00
   9.6250000e-01
   5.5425000e+00
   5.2250000e-01
   1.1150000e+00
   2.8625000e+00
   1.9935000e+01
   5.8675000e+00
   3.1275000e+00
   9.4500000e-01
   3.3575000e+00
   6.8000000e-01
   9.5250000e-01
   1.6087500e+01
   7.4250000e-01
   2.2425000e+00
   1.1562500e+01
   2.2350000e+00
   6.6875000e+00
   5.0575000e+00
   5.7025000e+00
   1.2450000e+00
   1.0667500e+01
   8.2500000e-01
   9.9450000e+00
   6.7000000e-01
   8.6250000e-01
   3.3675000e+00
   8.8275000e+00
   1.1582500e+01
   7.7825000e+00
   6.1000000e-01
   1.3025000e+00
   4.9425000e+00
   2.7300000e+00
   6.6750000e+00
   8.6000000e-01
   1.4500000e+00
   1.7550000e+00
   3.0150000e+00
   1.0732500e+01
   5.6000000e-01
   1.3137500e+01
   7.2500000e-01
   6.7575000e+00
   1.2787500e+01
   1.5675000e+00
   1.8100000e+00
   2.7325000e+00
   1.0080000e+01
   4.7700000e+00
   7.7350000e+00
   2.7350000e+00
   1.0300000e+00
   6.8000000e+00
   6.3900000e+00
   1.1675000e+00
   1.0952500e+01
   2.0925000e+00
   7.0475000e+00
   5.0750000e-01
   6.5750000e-01
   3.2900000e+00
   1.7050000e+00
   5.5575000e+00
   1.2007500e+01
   2.1725000e+00
   1.3300000e+01
   6.4150000e+00
   2.1175000e+00
   9.8525000e+00
   7.2525000e+00
   6.2125000e+00
   2.3775000e+00
   6.1400000e+00
   1.2075000e+00
   1.0510000e+01
   2.6125000e+00
   1.2347500e+01
   2.7725000e+00
   1.9100000e+00
   2.8500000e+00
   7.6500000e-01
   8.5750000e-01
   3.4250000e+00
   2.1425000e+00
   2.8950000e+00
   2.1400000e+00
   7.3250000e-01
   1.2650000e+00
   1.5282500e+01
   2.1675000e+00
   3.8525000e+00
   9.0850000e+00
   7.4750000e-01
   4.7325000e+00
   2.4725000e+00
   3.5600000e+00
   1.0457500e+01
   4.4575000e+00
   7.0150000e+00
   6.3350000e+00
   1.8300000e+00
   7.2250000e+00
   1.0500000e+00
   4.8725000e+00
   1.2400000e+00
   6.5375000e+00
   1.4500000e+00
   3.1525000e+00
   6.2225000e+00
   1.5475000e+00
   1.1950000e+01
   3.4650000e+00
   1.6050000e+00
   3.4600000e+00
   2.1725000e+00
   1.8400000e+00
   5.3025000e+00
   2.3875000e+00
   8.3500000e-01
   2.0650000e+00
   4.7000000e-01
   4.2850000e+00
   5.8850000e+00
   1.5600000e+00
   6.5650000e+00
   3.8500000e+00
   7.8075000e+00
   1.1525000e+00
   2.1775000e+00
   1.0085000e+01
   2.2397500e+01
   7.7750000e-01
   1.5600000e+00
   5.2750000e-01
   8.0425000e+00
   2.9525000e+00
   6.5400000e+00
   5.2350000e+00
   6.3575000e+00
   3.8750000e-01
   6.0075000e+00
   9.1000000e-01
   7.2525000e+00
