   2.0877500e+01
   1.0750000e+00
   1.0575000e+01
   7.7750000e+00
   1.1052500e+01
   2.1572500e+01
   2.2355000e+01
   1.1875000e+00
   4.0700000e+00
   1.0812500e+01
   4.7200000e+00
   7.6750000e-01
   5.0800000e+00
   5.6450000e+00
   1.3935000e+01
   1.2875000e+00
   1.0075000e+00
   1.3995000e+01
   1.1537500e+01
   3.3325000e+00
   1.2295000e+01
   2.4325000e+00
   4.8972500e+01
   2.9857500e+01
   7.3125000e+00
   6.5575000e+00
   4.4500000e-01
   1.1315000e+01
   1.1305000e+01
   2.0855000e+01
   4.8725000e+00
   6.4475000e+00
   1.9230000e+01
   1.2825000e+00
   1.6307500e+01
   1.1600000e+00
   5.3725000e+00
   2.1387500e+01
   1.3475000e+00
   1.7150000e+00
   7.6500000e-01
   1.8965000e+01
   1.0612500e+01
   1.2292500e+01
   1.3502500e+01
   5.4775000e+00
   3.1225000e+00
   1.5050000e+00
   6.9750000e+00
   8.0050000e+00
   1.0072500e+01
   6.6625000e+00
   1.1727500e+01
   5.6400000e+00
   1.4910000e+01
   5.2250000e+00
   2.2975000e+01
   1.6487500e+01
   9.5950000e+00
   4.6525000e+00
   1.1397500e+01
   1.3162500e+01
   1.0150000e+01
   3.7250000e-01
   1.0420000e+01
   1.4875000e+00
   6.2750000e+00
   1.1575000e+00
   2.1700000e+00
   2.9692500e+01
   8.6675000e+00
   6.2050000e+00
   2.4655000e+01
   1.1050000e+00
   1.5320000e+01
   1.2285000e+01
   1.8417500e+01
   9.8175000e+00
   9.4925000e+00
   1.9152500e+01
   1.2930000e+01
   1.1417500e+01
   1.4002500e+01
   1.5307500e+01
   6.2225000e+00
   1.8337500e+01
   1.7387500e+01
   1.3477500e+01
   4.6525000e+00
   5.0550000e+00
   2.0890000e+01
   1.2335000e+01
   1.7127500e+01
   1.3900000e+01
   9.0975000e+00
   9.5275000e+00
   8.5250000e-01
   1.5150000e+00
   1.9707500e+01
   1.6172500e+01
   8.3325000e+00
   9.3700000e+00
   8.7500000e+00
   8.4900000e+00
   1.3672500e+01
   8.1000000e+00
   9.2200000e+00
   3.9250000e+00
   1.1202500e+01
   5.4925000e+00
   2.3115000e+01
   4.0900000e+00
   1.5427500e+01
   8.8075000e+00
   7.7450000e+00
   9.2500000e+00
   5.6925000e+00
   3.2550000e+00
   1.2422500e+01
   1.1747500e+01
   4.3432500e+01
   4.7250000e+00
   9.1625000e+00
   2.6125000e+00
   6.2000000e-01
   6.2700000e+00
   6.6375000e+00
   1.6200000e+00
   1.7280000e+01
   1.5820000e+01
   1.6372500e+01
   2.6400000e+00
   4.8350000e+00
   7.1625000e+00
   8.1650000e+00
   1.8675000e+00
   1.3220000e+01
   1.5460000e+01
   1.0657500e+01
   4.2025000e+00
   7.1325000e+00
   5.9325000e+00
   1.8475000e+01
   1.5875000e+00
   1.2325000e+00
