   3.3439836e+00
   4.3299483e+00
   3.3425555e+00
   3.1655008e+00
   3.4728607e+00
   4.8171351e+00
   2.6546904e+00
   2.4734421e+00
   4.3756531e+00
   2.5193450e+00
   4.2576693e+00
   3.9197982e+00
   3.9461018e+00
   3.8748777e+00
   1.2126795e+00
   4.7173132e+00
   6.0037831e+00
   2.6414679e+00
   2.8757070e+00
   2.0050571e+00
   8.1698470e+00
   9.9495917e-01
   1.3049743e+00
   3.4373919e+00
   2.2553474e+00
   1.4373000e+00
   3.5891505e+00
   1.7616814e+00
   7.7962345e+00
   3.5851573e+00
   2.4286379e+00
   2.2433188e+00
   1.3255454e+00
   3.1910395e+00
   1.6650763e+00
   4.1243764e+00
   3.6231340e+00
   1.9470672e+00
   5.4554536e+00
   1.1603667e+00
   3.4085643e+00
   5.9974175e-01
   1.2113664e+00
   4.6304810e+00
   1.2166104e+00
   6.9786397e-01
   8.7038930e-01
   3.9810362e+00
   5.1356749e+00
   2.8467823e+00
   2.8260211e+00
   1.8506794e+00
   9.6243533e-01
   2.9321579e+00
   9.2361815e-01
   3.2257635e+00
   1.7859073e+00
   3.5350879e+00
   3.8302614e+00
   2.9704461e+00
   2.9114588e+00
   1.6263933e+00
   5.6240958e+00
   4.4976208e+00
   1.0585135e+00
   2.2090022e+00
   3.9714298e+00
   6.3830765e-01
   5.3309199e+00
   4.1662259e+00
   2.3000675e+00
   3.2562098e+00
   7.6401353e+00
   6.1115041e+00
   3.1173708e+00
   9.7720502e-01
   2.9120054e+00
   1.0494533e+00
   1.3207340e+00
   2.2729209e+00
   9.3219418e-01
   2.0744999e+00
   1.3446190e+00
   3.5642317e+00
   7.5483422e-01
   4.1558988e+00
   2.4135184e+00
   8.2918596e-01
   1.3110581e+00
   3.0214446e+00
   8.9562320e-01
   1.5399379e+00
   9.4575408e-01
   4.6817538e+00
   1.1283792e+00
   7.2471464e-01
   7.5693976e-01
   5.4082803e+00
   1.5736743e+00
   1.5977626e+00
   1.5584301e+00
   2.4121991e+00
   8.3301594e-01
   3.4797282e+00
   2.7616489e+00
   3.0008310e+00
   6.9098830e-01
   8.9562320e-01
   1.8018770e+00
   2.1682797e+00
   7.7972552e-01
   2.8406259e+00
   1.5957691e+00
   1.3315352e+00
   1.1465687e+00
   8.8309638e-01
   1.9963065e+00
   4.2904383e+00
   1.4527197e+00
