   3.4797282e+00
   1.7362012e+00
   1.7850160e+00
   2.7604961e+00
   1.8532576e+00
   1.4339742e+00
   2.3248445e+00
   2.0544559e+00
   3.1478543e+00
   3.0886481e+00
   1.0045110e+00
   1.9339445e+00
   3.5971234e+00
   4.2617792e+00
   2.2602818e+00
   3.4719440e+00
   2.0255899e+00
   1.7019459e+00
   2.8950128e+00
   1.5012108e+00
   1.9157539e+00
   4.1139442e+00
   3.5957958e+00
   1.3315352e+00
   2.4663540e+00
   3.4104315e+00
   1.7186959e+00
   4.2546778e+00
   2.9272687e+00
   1.0013372e+00
   3.9642098e+00
   1.2853125e+00
   3.8389774e+00
   2.6963304e+00
   1.1451798e+00
   2.2986831e+00
   1.1437892e+00
   3.6428477e+00
   6.4505402e+00
   9.8854001e-01
   2.5281738e+00
   2.9570209e+00
   1.7939100e+00
   2.7518343e+00
   3.0298609e+00
   1.9875175e+00
   4.0543215e+00
   3.0783251e+00
   5.3621761e+00
   3.0119482e+00
   4.2329261e+00
   7.1141600e-01
   2.0829219e+00
   4.2031177e+00
   7.8582516e-01
   3.9303408e+00
   9.0270333e-01
   4.0914444e+00
   2.5805121e+00
   2.1916423e+00
   4.1147178e+00
   3.3013528e+00
   1.2840737e+00
   2.7344285e+00
   3.5359882e+00
   1.3750494e+00
   1.4183506e+00
   4.0817079e+00
   2.8657277e+00
   2.1814520e+00
   4.1539835e+00
   3.8352444e+00
   1.3122715e+00
   2.8282729e+00
   3.2883106e+00
   1.1493416e+00
   3.4383178e+00
   3.5359882e+00
   9.4069202e-01
   3.9002602e+00
   1.9487013e+00
   2.0279457e+00
   2.5594565e+00
   1.8299235e+00
   3.0156448e+00
   3.7317633e+00
   4.0906663e+00
   4.6759711e+00
   9.4238240e-01
   1.2716187e+00
   3.0314364e+00
   2.1305161e+00
   2.5288032e+00
   2.0806284e+00
   3.0351092e+00
   1.9057586e+00
   1.0734439e+00
   2.5551000e+00
   1.8754531e+00
   1.0155413e+00
   4.3698295e+00
   2.6492891e+00
   1.5295678e+00
   3.3653329e+00
   2.8562707e+00
   2.5469895e+00
   3.8398065e+00
   2.9424529e+00
   1.0793582e+00
   3.4498705e+00
   5.2058528e+00
   2.5928179e+00
   2.0098140e+00
   4.4944349e+00
   3.3553868e+00
   1.6574119e+00
   1.0837728e+00
   3.7960359e+00
   3.1285826e+00
   1.4895032e+00
   1.0171072e+00
   5.3654400e+00
   2.4984109e+00
   1.2778614e+00
   1.8062880e+00
   1.1070199e+00
   2.6564883e+00
   8.1563942e-01
   1.1914957e+00
   1.9090962e+00
   5.0380582e+00
   2.7332642e+00
   1.9955091e+00
   1.0969099e+00
   2.0675836e+00
   9.3048530e-01
   1.1012541e+00
   4.5258415e+00
   9.7230672e-01
   1.6897454e+00
   3.8369040e+00
   1.6869174e+00
   2.9180112e+00
   2.5375991e+00
   2.6945591e+00
   1.2590406e+00
   3.6854149e+00
   1.0249013e+00
   3.5584220e+00
   9.2361815e-01
   1.0479356e+00
   2.0706603e+00
   3.3525396e+00
   3.8402210e+00
   3.1478543e+00
   8.8129230e-01
   1.2877867e+00
   2.5085826e+00
   1.8643884e+00
   2.9152828e+00
   1.0464158e+00
   1.3587484e+00
   1.4948362e+00
   1.9592900e+00
   3.6966259e+00
   8.4440165e-01
   4.0898881e+00
   9.6078024e-01
   2.9332433e+00
   4.0350404e+00
   1.4127289e+00
   1.5180789e+00
   1.8652418e+00
   3.5824928e+00
   2.4644173e+00
   3.1382332e+00
   1.8660949e+00
   1.1451798e+00
   2.9424529e+00
   2.8523676e+00
   1.2192240e+00
   3.7343214e+00
   1.6322542e+00
   2.9955226e+00
   8.0384642e-01
   9.1496175e-01
   2.0466944e+00
   1.4733884e+00
   2.6600806e+00
   3.9100414e+00
   1.6631635e+00
   4.1151046e+00
   2.8579419e+00
   1.6419759e+00
   3.5418346e+00
   3.0387777e+00
   2.8124723e+00
   1.7398641e+00
   2.7960134e+00
   1.2399342e+00
   3.6581071e+00
   1.8238252e+00
   3.9650126e+00
   1.8788445e+00
   1.5594510e+00
   1.9049233e+00
   9.8692870e-01
   1.0448937e+00
   2.0882637e+00
   1.6516403e+00
   1.9199032e+00
   1.6506764e+00
   9.6573701e-01
   1.2691131e+00
   4.4111544e+00
   1.6612485e+00
   2.2147585e+00
   3.4010853e+00
   9.7557499e-01
   2.4547110e+00
   1.7742843e+00
   2.1290216e+00
   3.6489591e+00
   2.3823235e+00
   2.9886076e+00
   2.8400656e+00
   1.5264430e+00
   3.0330110e+00
   1.1562446e+00
   2.4907548e+00
   1.2565099e+00
   2.8851003e+00
   1.3587484e+00
   2.0034689e+00
   2.8147350e+00
   1.4036874e+00
   3.9006682e+00
   2.1004226e+00
   1.4295277e+00
   2.0989066e+00
   1.6631635e+00
   1.5306080e+00
   2.5983365e+00
   1.7435193e+00
   1.0310941e+00
   1.6214930e+00
   7.7357778e-01
   2.3357721e+00
   2.7373372e+00
   1.4093451e+00
   2.8911620e+00
   2.2140398e+00
   3.1529062e+00
   1.2113664e+00
   1.6650763e+00
   3.5833812e+00
   5.3401669e+00
   9.9495917e-01
   1.4093451e+00
   8.1953271e-01
   3.2000045e+00
   1.9388759e+00
   2.8856519e+00
   2.5817453e+00
   2.8451046e+00
   7.0241037e-01
   2.7656801e+00
   1.0764051e+00
   3.0387777e+00
