   5.1557791e+00
   1.1699284e+00
   3.6694016e+00
   3.1463371e+00
   3.7513304e+00
   5.2408931e+00
   5.3350979e+00
   1.2296227e+00
   2.2764193e+00
   3.7103777e+00
   2.4514670e+00
   9.8854001e-01
   2.5432375e+00
   2.6809396e+00
   4.2121958e+00
   1.2803499e+00
   1.1326027e+00
   4.2212542e+00
   3.8327537e+00
   2.0598715e+00
   3.9565743e+00
   1.7598736e+00
   7.8964374e+00
   6.1656913e+00
   3.0513217e+00
   2.8895100e+00
   7.5272279e-01
   3.7956166e+00
   3.7939390e+00
   5.1530002e+00
   2.4907548e+00
   2.8651722e+00
   4.9481710e+00
   1.2778614e+00
   4.5566823e+00
   1.2153016e+00
   2.6154310e+00
   5.2183724e+00
   1.3098436e+00
   1.4777029e+00
   9.8692870e-01
   4.9139585e+00
   3.6759019e+00
   3.9561720e+00
   4.1463137e+00
   2.6408653e+00
   1.9939134e+00
   1.3842780e+00
   2.9800748e+00
   3.1925354e+00
   3.5811598e+00
   2.9125519e+00
   3.8641838e+00
   2.6797520e+00
   4.3570634e+00
   2.5792783e+00
   5.4085745e+00
   4.5817613e+00
   3.4952444e+00
   2.4338749e+00
   3.8094288e+00
   4.0937777e+00
   3.5949105e+00
   6.8868115e-01
   3.6424107e+00
   1.3762063e+00
   2.8265842e+00
   1.2139913e+00
   1.6622063e+00
   6.1486312e+00
   3.3220180e+00
   2.8107742e+00
   5.6028315e+00
   1.1861407e+00
   4.4165631e+00
   3.9549650e+00
   4.8425086e+00
   3.5355380e+00
   3.4765250e+00
   4.9381900e+00
   4.0574607e+00
   3.8127697e+00
   4.2223852e+00
   4.4147610e+00
   2.8147350e+00
   4.8319799e+00
   4.7051517e+00
   4.1424734e+00
   2.4338749e+00
   2.5369718e+00
   5.1573224e+00
   3.9630051e+00
   4.6698405e+00
   4.2069026e+00
   3.4034243e+00
   3.4829283e+00
   1.0418429e+00
   1.3888693e+00
   5.0092283e+00
   4.5377821e+00
   3.2571872e+00
   3.4540201e+00
   3.3377906e+00
   3.2878266e+00
   4.1723336e+00
   3.2114234e+00
   3.4262616e+00
   2.2355011e+00
   3.7767004e+00
   2.6444788e+00
   5.4250283e+00
   2.2820056e+00
   4.4320315e+00
   3.3487397e+00
   3.1402612e+00
   3.4318313e+00
   2.6921954e+00
   2.0357787e+00
   3.9770364e+00
   3.8674774e+00
   7.4363954e+00
   2.4527651e+00
   3.4155611e+00
   1.8238252e+00
   8.8848664e-01
   2.8254578e+00
   2.9070823e+00
   1.4361922e+00
   4.6905841e+00
   4.4880563e+00
   4.5657545e+00
   1.8333991e+00
   2.4811516e+00
   3.0198639e+00
   3.2242830e+00
   1.5420035e+00
   4.1027097e+00
   4.4366973e+00
   3.6836871e+00
   2.3131773e+00
   3.0135330e+00
   2.7483620e+00
   4.8500619e+00
   1.4217130e+00
   1.2527042e+00
