   8.7825000e+00
   1.4725000e+01
   8.7750000e+00
   7.8700000e+00
   9.4725000e+00
   1.8225000e+01
   5.5350000e+00
   4.8050000e+00
   1.5037500e+01
   4.9850000e+00
   1.4237500e+01
   1.2067500e+01
   1.2230000e+01
   1.1792500e+01
   1.1550000e+00
   1.7477500e+01
   2.8310000e+01
   5.4800000e+00
   6.4950000e+00
   3.1575000e+00
   5.2422500e+01
   7.7750000e-01
   1.3375000e+00
   9.2800000e+00
   3.9950000e+00
   1.6225000e+00
   1.0117500e+01
   2.4375000e+00
   4.7737500e+01
   1.0095000e+01
   4.6325000e+00
   3.9525000e+00
   1.3800000e+00
   7.9975000e+00
   2.1775000e+00
   1.3360000e+01
   1.0310000e+01
   2.9775000e+00
   2.3375000e+01
   1.0575000e+00
   9.1250000e+00
   2.8250000e-01
   1.1525000e+00
   1.6840000e+01
   1.1625000e+00
   3.8250000e-01
   5.9500000e-01
   1.2447500e+01
   2.0715000e+01
   6.3650000e+00
   6.2725000e+00
   2.6900000e+00
   7.2750000e-01
   6.7525000e+00
   6.7000000e-01
   8.1725000e+00
   2.5050000e+00
   9.8150000e+00
   1.1522500e+01
   6.9300000e+00
   6.6575000e+00
   2.0775000e+00
   2.4842500e+01
   1.5887500e+01
   8.8000000e-01
   3.8325000e+00
   1.2387500e+01
   3.2000000e-01
   2.2320000e+01
   1.3632500e+01
   4.1550000e+00
   8.3275000e+00
   4.5845000e+01
   2.9335000e+01
   7.6325000e+00
   7.5000000e-01
   6.6600000e+00
   8.6500000e-01
   1.3700000e+00
   4.0575000e+00
   6.8250000e-01
   3.3800000e+00
   1.4200000e+00
   9.9775000e+00
   4.4750000e-01
   1.3565000e+01
   4.5750000e+00
   5.4000000e-01
   1.3500000e+00
   7.1700000e+00
   6.3000000e-01
   1.8625000e+00
   7.0250000e-01
   1.7215000e+01
   1.0000000e+00
   4.1250000e-01
   4.5000000e-01
   2.2972500e+01
   1.9450000e+00
   2.0050000e+00
   1.9075000e+00
   4.5700000e+00
   5.4500000e-01
   9.5100000e+00
   5.9900000e+00
   7.0725000e+00
   3.7500000e-01
   6.3000000e-01
   2.5500000e+00
   3.6925000e+00
   4.7750000e-01
   6.3375000e+00
   2.0000000e+00
   1.3925000e+00
   1.0325000e+00
   6.1250000e-01
   3.1300000e+00
   1.4457500e+01
   1.6575000e+00
