   1.5957691e+00
   1.3634257e+00
   3.0752214e+00
   1.5807380e+00
   2.5588346e+00
   6.1847635e+00
   4.5887034e+00
   4.3376604e+00
   7.9598733e+00
   8.0582391e-01
   2.8839968e+00
   2.4727986e+00
   2.1535494e+00
   7.4235430e+00
   7.0014086e-01
   7.6113336e-01
   4.0164593e+00
   4.6098121e+00
   2.7558799e+00
   4.8543260e+00
   2.6044546e+00
   6.5065517e-01
   7.3992770e-01
   2.3439344e+00
   1.8054067e+00
   9.8045696e-01
   8.0186406e-01
   2.7414041e+00
   5.0717474e+00
   1.3842780e+00
   7.4207554e-01
   5.0336336e+00
   5.5373993e+00
   1.4127289e+00
   4.2617792e+00
   3.0627753e+00
   6.1718833e+00
   5.3291283e+00
   2.2297983e+00
   1.5927742e+00
   3.9746345e+00
   2.9223713e+00
   4.8316506e+00
   2.5946588e+00
   1.4483308e+00
   4.4706462e+00
   2.1072311e+00
   1.7362012e+00
   9.2361815e-01
   2.3561249e+00
   5.7256209e+00
   3.8518079e+00
   4.4841538e+00
   6.3093450e+00
   1.9215605e+00
   4.1189704e+00
   8.0779655e-01
   4.7529415e+00
   3.0172277e+00
   2.4488688e+00
   2.4319124e+00
   1.9331213e+00
   3.6936109e+00
   3.9870284e+00
   6.0599845e+00
   4.7048134e+00
