   5.6250000e-01
   1.5550000e+00
   1.5200000e+00
   2.9300000e+00
   3.2700000e+00
   2.0770000e+01
   1.5475000e+00
   2.9517500e+01
   5.3500000e+00
   3.0750000e-01
   9.4675000e+00
   1.0025000e+00
   8.1750000e-01
   9.3000000e-01
   7.1275000e+00
   1.8627500e+01
   5.2150000e+00
   1.7750000e+00
   2.7725000e+00
   2.2217500e+01
   6.0500000e-01
   1.0400000e+00
   2.9750000e-01
   6.9500000e-01
   1.4747500e+01
   7.6750000e+00
   1.5722500e+01
   8.1250000e-01
   3.4500000e-01
   3.0000000e-01
   2.3750000e-01
   2.2250000e-01
   1.7400000e+00
   1.5675000e+00
   5.3250000e+00
   2.4750000e-01
   6.2500000e-01
   3.9805000e+01
   2.7835000e+01
   1.7345000e+01
   7.0825000e+00
   2.4147500e+01
   3.5250000e-01
   1.4500000e-01
   6.5025000e+00
   1.5500000e-01
   3.3500000e-01
   7.6250000e-01
   2.4575000e+00
   2.6000000e-01
   1.5250000e-01
   2.9200000e+00
   1.0470000e+01
   2.4250000e-01
   1.5207500e+01
   4.7500000e+00
   6.0000000e-02
   3.9125000e+00
   6.6750000e+00
   3.7500000e-01
   7.8600000e+00
   4.5250000e-01
   9.8750000e-01
   5.0750000e-01
   1.6327500e+01
   2.0250000e-01
   7.7250000e+00
   2.0250000e-01
   3.0222500e+01
   1.0700000e+00
   8.8225000e+00
   1.5580000e+01
   2.1792500e+01
   5.7450000e+00
   1.2625000e+01
   9.6500000e-01
   8.0500000e-01
   1.5400000e+00
   7.0750000e-01
   6.3775000e+00
   3.4500000e-01
   1.3300000e+00
   1.2837500e+01
   3.3750000e-01
   1.6840000e+01
   1.5020000e+01
   3.7775000e+00
   3.2750000e-01
   5.1750000e-01
   8.9475000e+00
   1.0385000e+01
   2.1807500e+01
   4.8540000e+01
   9.7000000e-01
   1.8750000e-01
   2.4500000e-01
   6.4500000e-01
   1.0280000e+01
   1.2625000e+00
   9.5850000e+00
   4.6250000e+00
   3.5000000e+00
   1.6000000e+00
   7.9150000e+00
   1.6500000e-01
   9.8325000e+00
   1.0510000e+01
   2.9000000e-01
   9.0500000e-01
   5.4500000e-01
   2.8500000e-01
   8.8675000e+00
   1.3610000e+01
   1.5482500e+01
   1.6437500e+01
   9.1500000e-01
   6.6250000e-01
   7.2275000e+00
   3.2750000e-01
   2.4175000e+00
   7.1500000e-01
   1.3747500e+01
   3.7250000e-01
   1.5500000e-01
   1.5290000e+01
   3.0737500e+01
   3.1400000e+01
   2.7830000e+01
   7.9800000e+00
   2.1000000e+00
   9.3875000e+00
   2.0500000e-01
   1.3135000e+01
   8.4000000e-01
   4.5750000e-01
   2.1750000e-01
   5.8225000e+00
   1.0475000e+00
   9.3875000e+00
   1.4100000e+00
   1.1710000e+01
   2.7825000e+00
   1.1042500e+01
   4.1445000e+01
   5.7775000e+00
   3.7102500e+01
   8.2750000e-01
   1.8500000e-01
   1.3470000e+01
   1.9735000e+01
   1.1750000e+00
   7.3500000e-01
   5.3250000e-01
   3.8975000e+00
   2.3637500e+01
   3.9675000e+00
   8.7250000e+00
   2.3872500e+01
   7.0800000e+00
   7.4550000e+00
   1.2750000e-01
   2.4250000e-01
   8.7500000e-02
   5.6545000e+01
   4.4750000e+00
   2.0750000e-01
   1.8475000e+00
   8.8375000e+00
   3.8050000e+00
   1.0800000e+00
   5.9250000e-01
   8.7100000e+00
   6.0000000e-02
   1.6212500e+01
   9.0000000e-02
   3.5500000e-01
   2.2295000e+01
   1.0250000e+00
   7.9750000e-01
   3.2250000e-01
   7.1500000e-01
   2.3725000e+00
   5.7827500e+01
   4.2825000e+00
   1.3625000e+00
   9.1275000e+00
   2.7250000e-01
   1.0575000e+00
   8.2250000e-01
   3.6175000e+00
   1.7807500e+01
   7.7500000e-01
   1.3860000e+01
   4.3250000e-01
   7.1250000e-01
   7.5175000e+00
   3.8750000e-01
   7.0500000e-01
   3.6000000e-01
   3.1250000e-01
   9.3750000e-01
   2.0862500e+01
   4.9000000e-01
   3.4750000e-01
   2.9250000e-01
   1.9265000e+01
   1.7250000e-01
   2.1677500e+01
   7.7750000e-01
   3.8500000e-01
   7.8050000e+00
   1.0540000e+01
   1.7050000e+00
   2.5000000e+00
   2.6125000e+00
   1.9750000e-01
   2.1815000e+01
   9.0700000e+00
   1.7510000e+01
   1.2625000e+00
   7.1925000e+00
   7.4750000e+00
   4.2000000e-01
   2.5750000e-01
   1.1950000e+00
   4.0425000e+00
   1.6250000e-01
   2.2500000e-01
   4.1250000e-01
   1.5887500e+01
   3.1750000e+00
   1.3747500e+01
   2.4575000e+00
   2.5422500e+01
   9.1600000e+00
   4.3500000e+00
   5.1375000e+00
   9.6000000e-01
   3.4000000e+00
   1.0912500e+01
   7.8375000e+00
   3.3000000e-01
   1.4325000e+00
   2.6750000e-01
   2.2895000e+01
   9.2075000e+00
   1.0325000e+01
   9.7550000e+00
   3.1470000e+01
   1.9250000e-01
   2.8425000e+00
   3.7650000e+00
   1.2822500e+01
   1.2325000e+00
   1.8375000e+00
   4.7500000e-01
   1.2262500e+01
   2.0750000e-01
   1.0802500e+01
   1.2575000e+00
   1.4410000e+01
   1.1222500e+01
   6.7150000e+00
   7.7750000e-01
   2.4882500e+01
   1.2000000e-01
   5.9100000e+00
   2.4250000e-01
   4.7000000e-01
   4.3975000e+00
   1.0025000e+00
   4.7700000e+00
   2.9775000e+01
   4.9525000e+00
   8.8750000e-01
   2.1000000e-01
   7.7500000e-02
   2.1325000e+00
   1.2150000e+00
   1.1475000e+00
   4.4775000e+00
   6.8925000e+00
   1.3095000e+01
   1.3050000e+01
   5.8125000e+00
   9.6750000e-01
   9.0975000e+00
   2.0025000e+00
   2.4490000e+01
   3.1700000e+01
   1.0115000e+01
   9.4475000e+00
   1.7190000e+01
   1.1650000e+00
   1.5500000e+00
   7.4975000e+00
   9.2250000e-01
   5.2575000e+00
   1.3802500e+01
   7.3875000e+00
   1.5325000e+00
   7.3750000e-01
   1.7595000e+01
   1.7912500e+01
   1.0477500e+01
   2.6325000e+00
   4.7500000e-01
   1.2650000e+00
   3.9100000e+00
   1.2750000e+00
   1.3575000e+00
   1.1500000e-01
   7.8350000e+00
   2.0310000e+01
   1.3100000e+00
   2.1250000e-01
   6.7125000e+00
   1.2087500e+01
   5.2975000e+00
   6.8850000e+00
   1.4987500e+01
   2.9075000e+00
   2.8750000e+00
   3.5000000e-01
   2.0925000e+00
   1.0272500e+01
   1.0600000e+00
   1.4850000e+01
   1.1762500e+01
   3.2000000e-01
   4.0807500e+01
   4.7550000e+00
   7.9600000e+00
   1.6475000e+00
   3.4750000e-01
   7.4225000e+00
   6.8500000e+00
   1.7700000e+00
   4.3875000e+00
   5.6625000e+00
   2.3900000e+00
   5.9975000e+00
   8.7125000e+00
   7.6400000e+00
   1.5000000e+01
   2.6925000e+00
   2.3550000e+00
   1.0640000e+01
   3.2575000e+01
   7.1150000e+00
   1.3487500e+01
   1.9000000e+00
   1.3667500e+01
   6.6050000e+00
   8.8700000e+00
   2.9700000e+00
