   7.0075000e+00
   1.0507500e+01
   7.9875000e+00
   1.9375000e+00
   8.2125000e+00
   8.0000000e+00
   1.9677500e+01
   1.1082500e+01
   2.4900000e+00
   2.9500000e+00
   3.7070000e+01
   1.7785000e+01
   1.2717500e+01
   6.5200000e+00
   6.2000000e-01
   1.2885000e+01
   2.0375000e+00
   1.5700000e+00
   4.8525000e+00
   2.1167500e+01
   5.4675000e+00
   1.5457500e+01
   1.6067500e+01
   1.0540000e+01
   1.4650000e+00
   1.1842500e+01
   6.7000000e+00
   2.1732500e+01
   6.3250000e-01
   8.7500000e-01
   1.3135000e+01
   3.5850000e+00
   2.1075000e+00
   1.0275000e+00
   3.5175000e+00
   1.6525000e+00
   3.8025000e+00
   3.3525000e+00
   4.5650000e+00
   1.8227500e+01
   6.8350000e+00
   2.3150000e+00
   1.0675000e+01
   1.5375000e+00
   4.4425000e+00
   6.9700000e+00
   2.5200000e+01
   8.6250000e+00
   1.6670000e+01
   1.2605000e+01
   4.5650000e+00
   8.0450000e+00
   9.1600000e+00
   1.6697500e+01
   9.8900000e+00
   1.1700000e+01
   4.0825000e+00
   9.5475000e+00
   1.0000000e+00
   1.6482500e+01
   1.3925000e+00
   6.0275000e+00
   6.7867500e+01
   1.0215000e+01
   5.3025000e+00
   2.3200000e+00
   1.1422500e+01
   2.2172500e+01
   2.5147500e+01
   2.7075000e+00
   2.0710000e+01
   1.4310000e+01
   1.4800000e+00
   9.7925000e+00
   8.9075000e+00
   3.8015000e+01
   2.3362500e+01
   1.5052500e+01
   1.0072500e+01
   5.1150000e+00
   2.0582500e+01
   1.6197500e+01
