   1.6027500e+01
   7.9275000e+00
   9.6250000e+00
   8.4275000e+00
   1.5105000e+01
   6.2450000e+00
   4.3000000e+00
   5.2275000e+00
   2.9462500e+01
   1.2852500e+01
   1.0527500e+01
   1.6325000e+01
   2.4140000e+01
   1.4890000e+01
   3.6625000e+00
   2.9000000e+01
   1.0295000e+01
   1.6117500e+01
   4.8330000e+01
   6.2175000e+00
   4.2400000e+00
   2.2687500e+01
   8.7500000e-01
   4.1500000e-01
   6.3375000e+00
   2.5270000e+01
   2.2467500e+01
   1.8795000e+01
   8.7250000e-01
   2.2205000e+01
   5.2750000e-01
   1.2795000e+01
   2.2807500e+01
   1.2157500e+01
   1.6315000e+01
   8.6500000e-01
   4.0377500e+01
   7.1150000e+00
   1.9390000e+01
   1.5485000e+01
   2.5582500e+01
   6.6225000e+00
   3.5625000e+00
   2.4952500e+01
   4.8250000e+00
   3.1497500e+01
   1.9032500e+01
   2.4025000e+00
   3.1925000e+00
   5.2600000e+00
   2.1640000e+01
   6.2050000e+00
   4.0620000e+01
   2.0070000e+01
   1.1687500e+01
   9.3100000e+00
   1.1472500e+01
   2.4702500e+01
   1.1132500e+01
   1.0740000e+01
   2.2342500e+01
   8.2150000e+00
   1.6042500e+01
   6.5625000e+00
   5.6325000e+00
   1.1295000e+01
   2.8640000e+01
   2.1552500e+01
   9.9775000e+00
   5.7600000e+01
   3.5337500e+01
   9.3925000e+00
   2.1175000e+01
   8.0050000e+00
   2.4067500e+01
   2.5202500e+01
   2.0440000e+01
   9.4625000e+00
   1.0180000e+01
   9.5825000e+00
   1.9602500e+01
   1.3302500e+01
   5.4000000e-01
   5.8475000e+00
   9.1850000e+00
   1.2042500e+01
   5.2825000e+00
   1.6122500e+01
   2.4975000e+00
   1.9185000e+01
   2.3287500e+01
   1.0787500e+01
   1.0402500e+01
   5.1475000e+00
   8.7350000e+00
   1.7975000e+00
   3.1175000e+00
   8.4175000e+00
   1.0345000e+01
   1.8215000e+01
   1.5037500e+01
   1.5717500e+01
   8.7050000e+00
   1.1050000e+01
   1.6975000e+01
   7.4750000e+00
   2.9650000e+00
   1.6457500e+01
   3.2650000e+00
   7.2250000e-01
   2.6960000e+01
   1.0935000e+01
   2.0225000e+00
   2.0475000e+01
   2.1475000e+00
   9.3075000e+00
   1.7690000e+01
   2.6587500e+01
   4.2500000e+00
   8.0250000e-01
   1.7672500e+01
   6.4125000e+00
   3.6350000e+00
   1.3450000e+00
   1.3405000e+01
   1.6050000e+00
   1.0577500e+01
   1.2672500e+01
   5.1250000e-01
   3.1147500e+01
   8.2275000e+00
   1.1010000e+01
   8.6750000e-01
   1.2402500e+01
   5.2250000e-01
   1.7090000e+01
   1.7562500e+01
   1.8950000e+00
   9.4050000e+00
   2.5550000e+00
   1.6335000e+01
   8.9925000e+00
   5.3625000e+00
   5.2750000e-01
   1.9362500e+01
   8.8550000e+00
   9.7500000e-01
   3.2837500e+01
   2.5102500e+01
   2.9452500e+01
   2.9050000e+00
   9.7300000e+00
   1.8935000e+01
   1.1840000e+01
   6.4800000e+00
   1.7680000e+01
   1.6527500e+01
   3.5945000e+01
   1.0140000e+01
   2.9150000e+00
   7.5825000e+00
   2.0485000e+01
   1.7627500e+01
   1.1842500e+01
   2.0865000e+01
   8.7500000e+00
   2.0040000e+01
   1.6360000e+01
   2.0985000e+01
   1.0375000e+00
   1.3725000e+01
   7.5875000e+00
   1.5050000e+01
   1.8775000e+00
   1.3287500e+01
   5.4400000e+00
   5.2150000e+00
   2.1537500e+01
   7.9925000e+00
   9.6325000e+00
   2.2350000e+00
   1.6107500e+01
   1.1835000e+01
   2.0975000e+00
   7.6350000e+00
   1.7312500e+01
   8.6750000e+00
   1.3407500e+01
   9.0350000e+00
   7.8400000e+00
   1.4655000e+01
   1.3022500e+01
   1.3557500e+01
   2.0240000e+01
   1.4335000e+01
   2.8055000e+01
