   3.1990000e+01
   1.6095000e+01
   4.1025000e+00
   6.3175000e+00
   1.2285000e+01
   1.0697500e+01
   1.2525000e+00
   4.4365000e+01
   2.8785000e+01
   2.3275000e+00
   1.8125000e+01
   1.2972500e+01
   1.8032500e+01
   1.8015000e+01
   1.7600000e+01
   1.5800000e+01
   3.0325000e+00
   1.1235000e+01
   1.3120000e+01
   2.5227500e+01
   1.6362500e+01
   2.5375000e+00
   2.3887500e+01
   1.7882500e+01
   2.2787500e+01
   1.7800000e+01
   2.1225000e+00
   9.0500000e+00
   1.8325000e+00
   8.7350000e+00
   1.1435000e+01
   9.1850000e+00
   2.2150000e+00
   3.3270000e+01
   2.9130000e+01
   1.7577500e+01
   2.9185000e+01
   5.4425000e+00
   5.9675000e+00
   1.9877500e+01
   1.4552500e+01
   2.8355000e+01
   2.1042500e+01
   3.4237500e+01
   9.1100000e+00
   5.8940000e+01
   1.6177500e+01
   1.2717500e+01
   3.5537500e+01
   3.2240000e+01
   2.1900000e+01
   1.0957500e+01
   2.8450000e+00
   4.1675000e+00
   3.0075000e+00
   8.3875000e+00
   2.5172500e+01
   2.0095000e+01
   4.6165000e+01
   2.8587500e+01
   6.7100000e+00
   5.3500000e+00
   7.0225000e+00
   5.2002500e+01
   1.0525000e+00
   1.5662500e+01
   2.6540000e+01
   1.4362500e+01
   5.1532500e+01
   2.0515000e+01
   1.2470000e+01
   1.3720000e+01
   2.9502500e+01
   1.4012500e+01
   6.6250000e+00
   2.6425000e+00
   1.2537500e+01
