   4.3250000e+00
   6.1500000e+00
   1.5575000e+00
   3.0320000e+01
   2.6550000e+00
   3.9585000e+01
   1.6620000e+01
   3.9725000e+00
   6.1800000e+00
   4.0747500e+01
   1.5877500e+01
   1.3605000e+01
   4.1325000e+00
   1.2035000e+01
   9.4327500e+01
   9.1825000e+00
   9.6125000e+00
   7.5455000e+01
   4.4747500e+01
   1.1857500e+01
   8.5100000e+00
   2.4140000e+01
   1.1105000e+01
   5.0300000e+00
   2.7167500e+01
   6.5750000e-01
   2.1445000e+01
   3.3392500e+01
   7.6175000e+00
   2.6152500e+01
   3.8692500e+01
   1.5232500e+01
   3.6375000e+00
   1.6275000e+00
   5.3400000e+00
   7.1450000e+00
   4.0150000e+00
   1.3050000e+01
   1.5925000e+01
   1.9425000e+00
   2.3605000e+01
   4.6150000e+00
   8.1225000e+00
   3.0690000e+01
   1.2447500e+01
   8.3650000e+00
