   2.8350000e+00
   1.8335000e+01
   1.8107500e+01
   4.4317500e+01
   3.2567500e+01
   1.7315000e+01
   1.8880000e+01
   8.6250000e-01
   1.6980000e+01
   1.2755000e+01
   3.0335000e+01
   2.5895000e+01
   2.0400000e+01
   7.4370000e+01
   8.5975000e+00
   1.6642500e+01
   1.3117500e+01
   1.8640000e+01
   8.4050000e+00
   1.8382500e+01
   1.3785000e+01
   1.8397500e+01
   1.4030000e+01
   1.5215000e+01
   1.4492500e+01
   2.0822500e+01
   2.6492500e+01
   1.4705000e+01
   3.3175000e+00
   1.7682500e+01
   1.2825000e+00
   1.5960000e+01
   2.2790000e+01
   1.2155000e+01
   1.3427500e+01
   2.9077500e+01
   7.8225000e+00
   1.1427500e+01
   5.2525000e+00
   1.0090000e+01
   1.6987500e+01
   3.0325000e+00
   1.0567500e+01
   6.1625000e+00
   2.6662500e+01
   3.7182500e+01
   5.0150000e+00
   1.8602500e+01
   9.1950000e+00
   2.3137500e+01
   1.1697500e+01
   1.6372500e+01
   4.3125000e+00
   1.0055000e+01
   1.1772500e+01
   7.5925000e+00
   1.0330000e+01
   1.6877500e+01
   8.6225000e+00
   2.3270000e+01
   1.1307500e+01
   1.2707500e+01
   6.7025000e+00
   2.3600000e+00
   1.3850000e+00
   2.6475000e+01
   6.7600000e+00
   2.4650000e+00
   2.4550000e+00
   3.8770000e+01
   1.6240000e+01
   6.6900000e+00
   3.5550000e+00
   2.5680000e+01
   8.9925000e+00
   1.5782500e+01
   1.7775000e+00
   2.1875000e+00
   5.5225000e+00
   3.6182500e+01
   1.1125000e+00
   7.7850000e+00
   7.8575000e+00
   1.6825000e+00
   2.5000000e-03
   2.4925000e+00
   2.2325000e+00
   1.3550000e+00
   1.9775000e+00
   8.7232500e+01
   7.9225000e+00
   2.6825000e+01
   6.5150000e+00
   9.6825000e+00
   1.5407500e+01
   5.7400000e+00
   1.1852500e+01
   8.6025000e+00
   1.6412500e+01
   2.2230000e+01
   1.1952500e+01
   1.3242500e+01
   1.5577500e+01
   6.7950000e+00
   9.5825000e+00
   1.2115000e+01
   1.5185000e+01
   6.5725000e+00
   1.0267500e+01
   8.9525000e+00
   2.5645000e+01
   1.8375000e+00
   4.4100000e+00
   5.0750000e+00
   1.5375000e+01
   6.9450000e+00
   7.0200000e+00
   1.5015000e+01
   1.1227500e+01
   7.8100000e+00
   1.8735000e+01
   1.4682500e+01
   1.3415000e+01
   8.2800000e+00
   2.6372500e+01
   5.0525000e+00
   1.4600000e+00
   1.3535000e+01
   2.7960000e+01
   4.3025000e+00
   3.4675000e+00
   1.0790000e+01
   3.1275000e+01
   1.1825000e+01
   1.2257500e+01
   1.2937500e+01
   2.4702500e+01
   1.2220000e+01
   9.1975000e+00
   2.7525000e+00
   5.8150000e+00
   1.5572500e+01
   2.1217500e+01
   1.1212500e+01
   1.3675000e+01
   5.7125000e+00
   1.5992500e+01
   2.4407500e+01
   2.0377500e+01
   1.0840000e+01
   1.7592500e+01
   7.2000000e+00
   3.1175000e+00
   8.0650000e+00
   1.0847500e+01
   2.2250000e+00
   2.7145000e+01
   3.5480000e+01
   1.2150000e+01
   9.6750000e+00
   6.6400000e+00
   1.1807500e+01
   5.8600000e+00
   8.8600000e+00
   2.5832500e+01
   7.0925000e+00
   7.4350000e+00
   5.6700000e+00
   1.9155000e+01
   6.3150000e+00
   2.0465000e+01
   1.0215000e+01
   2.5257500e+01
   6.0325000e+00
   5.0760000e+01
   1.1295000e+01
   4.3292500e+01
   5.0400000e+00
   2.3267500e+01
   1.1305000e+01
   6.0375000e+00
   8.4075000e+00
   1.1070000e+01
   1.4097500e+01
   1.0852500e+01
   6.1825000e+00
   8.2275000e+00
   8.6975000e+00
   8.6725000e+00
   4.4875000e+00
   1.7670000e+01
   5.4725000e+00
   6.6200000e+00
   4.9525000e+00
   1.1367500e+01
   1.2305000e+01
