   1.5405000e+01
   6.2250000e-01
   3.2200000e+00
   3.8380000e+01
   1.2675000e+00
   5.3925000e+00
   8.5900000e+00
   5.2750000e-01
   7.7250000e+00
   2.7000000e-01
   2.3075000e+00
   3.2050000e+00
   3.3550000e+00
   1.3700000e+00
   1.4557500e+01
   5.3000000e-01
   3.1332500e+01
   4.2037500e+01
   5.2750000e-01
   6.4750000e-01
   5.4750000e-01
   9.9000000e-01
   4.8200000e+00
   8.0397500e+01
   2.6000000e-01
   4.4467500e+01
   8.9050000e+00
   9.7250000e-01
   1.9470000e+01
   1.1677500e+01
   4.7300000e+00
   9.9725000e+00
   6.5817500e+01
   3.3872500e+01
   1.3750000e+00
   3.4002500e+01
   7.0500000e-01
   1.7360000e+01
   1.2735000e+01
   5.1500000e-01
   3.7425000e+00
   2.8845000e+01
   6.3750000e-01
   7.9800000e+00
   5.7125000e+00
   1.8057500e+01
   5.8200000e+00
   1.0015000e+01
   4.3675000e+00
   1.9640000e+01
   1.2640000e+01
   1.6752500e+01
   1.0270000e+01
   6.4500000e-01
   5.4525000e+00
   3.0700000e+00
   1.8900000e+00
   3.5365000e+01
   2.1450000e+00
   1.1275000e+00
   1.6975000e+00
   6.7750000e-01
   2.9450000e+00
   3.4725000e+00
   3.4250000e-01
   5.3200000e+00
   5.9250000e-01
   3.5787500e+01
   1.2130000e+01
   1.2000000e+00
   7.1525000e+00
   6.1000000e-01
   1.4982500e+01
   4.5500000e-01
   1.0640000e+01
   3.9675000e+00
   7.1000000e-01
   8.9775000e+00
   1.4062500e+01
   1.7940000e+01
   1.9217500e+01
   2.8825000e+00
   3.1225000e+00
   4.9250000e-01
   1.0775000e+01
   1.3730000e+01
   7.2425000e+00
   1.4910000e+01
   1.7700000e+00
   1.3105000e+01
   1.4375000e+00
   1.3225000e+00
   2.0915000e+01
   1.4350000e+00
   5.0250000e-01
   5.2437500e+01
   1.1700000e+00
   1.2475000e+00
   3.0600000e+00
   8.4000000e-01
   1.8100000e+01
   5.2767500e+01
   3.4250000e-01
   1.9602500e+01
   2.2250000e+00
   1.1587500e+01
   6.7750000e-01
   6.9800000e+00
   6.7500000e-01
   1.2925000e+00
   2.1250000e+00
   8.2000000e-01
   1.9420000e+01
   9.2000000e+00
   4.5000000e-01
   6.1250000e-01
   1.5650000e+00
   5.2750000e-01
   5.9550000e+00
   2.2475000e+00
   8.4400000e+00
   4.5512500e+01
   3.5000000e-01
   1.7550000e+00
   1.0475000e+00
   3.8750000e-01
   2.6650000e+00
   8.7420000e+01
   4.9425000e+00
   5.1425000e+00
   7.0750000e+00
   1.9550000e+00
   8.4625000e+00
   4.5150000e+00
   1.6450000e+01
   6.0000000e-01
   2.6775000e+00
   1.0747500e+01
   2.5277500e+01
   5.3250000e-01
   2.8497500e+01
   1.7502500e+01
   1.5240000e+01
   2.3145000e+01
   1.4725000e+00
   1.2740000e+01
   6.8650000e+00
   1.0125000e+00
   1.3845000e+01
   9.9100000e+00
   2.3750000e-01
   8.1625000e+00
   1.8787500e+01
   1.0637500e+01
   5.4872500e+01
   1.1042500e+01
   1.6900000e+00
   1.5775000e+00
   2.0000000e+00
   7.5675000e+00
   7.0350000e+00
   1.2900000e+00
   1.4500000e+01
   5.3125000e+00
   2.2737500e+01
   3.1215000e+01
   7.1975000e+00
   2.0582500e+01
   1.1407500e+01
   4.1250000e-01
   1.2102500e+01
   7.1100000e+00
   1.4250000e+00
   4.4125000e+00
   2.6750000e-01
   4.1500000e-01
   1.9160000e+01
   5.3000000e-01
   5.7750000e-01
   5.8200000e+00
   2.8157500e+01
   2.4485000e+01
   2.2275000e+00
   4.1850000e+00
   1.5075000e+00
   2.6500000e-01
   7.7375000e+00
   5.2250000e-01
   5.7425000e+00
   4.3975000e+00
   1.2800000e+00
   8.1925000e+00
   7.3100000e+00
   2.7325000e+00
   1.4685000e+01
   5.2050000e+00
   2.8350000e+00
   1.0650000e+01
   2.3000000e+00
   4.3725000e+00
   3.1375000e+00
   1.0250000e+00
   5.2725000e+00
   4.4000000e+00
   1.4100000e+00
   2.3575000e+00
   1.4175000e+01
   1.1042500e+01
   3.0850000e+00
   7.8750000e-01
   4.1375000e+00
   1.1322500e+01
   2.2085000e+01
   5.5452500e+01
   9.0150000e+00
   2.8622500e+01
   1.5010000e+01
   3.9140000e+01
   3.0725000e+00
   3.1075000e+00
   1.0050000e+00
   7.4575000e+00
   8.1625000e+00
   2.0815000e+01
   1.4212500e+01
   2.1685000e+01
   5.4425000e+00
   1.4045000e+01
   2.5050000e+01
   1.6335000e+01
   2.3685000e+01
   2.9167500e+01
   2.0580000e+01
   1.0197500e+01
   1.0080000e+01
   4.5175000e+00
   1.4980000e+01
   1.0400000e+00
   5.3325000e+00
   9.4425000e+00
   1.0442500e+01
   7.5675000e+00
   6.0425000e+00
   1.5480000e+01
   1.2355000e+01
   7.2375000e+00
   6.0950000e+00
   1.3827500e+01
   2.3025000e+00
   3.0900000e+00
