   2.9870096e+00
   3.6576720e+00
   3.1890439e+00
   1.5706373e+00
   3.2336481e+00
   3.1915382e+00
   5.0054142e+00
   3.7564181e+00
   1.7805523e+00
   1.9380549e+00
   6.8701521e+00
   4.7586306e+00
   4.0239811e+00
   2.8812362e+00
   8.8848664e-01
   4.0503940e+00
   1.6106600e+00
   1.4138550e+00
   2.4856377e+00
   5.1914640e+00
   2.6384536e+00
   4.4363386e+00
   4.5230273e+00
   3.6633243e+00
   1.3657584e+00
   3.8830837e+00
   2.9207371e+00
   5.2602926e+00
   8.9739847e-01
   1.0555021e+00
   4.0894989e+00
   2.1364840e+00
   1.6380941e+00
   1.1437892e+00
   2.1162751e+00
   1.4505269e+00
   2.2003394e+00
   2.0660435e+00
   2.4108792e+00
   4.8174655e+00
   2.9500156e+00
   1.7168429e+00
   3.6867102e+00
   1.3991447e+00
   2.3783117e+00
   2.9790065e+00
   5.6644185e+00
   3.3138635e+00
   4.6070493e+00
   4.0061433e+00
   2.4108792e+00
   3.2005019e+00
   3.4150951e+00
   4.6108478e+00
   3.5485686e+00
   3.8596506e+00
   2.2799124e+00
   3.4865821e+00
   1.1283792e+00
   4.5810666e+00
   1.3315352e+00
   2.7702800e+00
   9.2957832e+00
   3.6064029e+00
   2.5983365e+00
   1.7186959e+00
   3.8136044e+00
   5.3132762e+00
   5.6585150e+00
   1.8566895e+00
   5.1350551e+00
   4.2684960e+00
   1.3727325e+00
   3.5310336e+00
   3.3676967e+00
   6.9571691e+00
   5.4539948e+00
   4.3778349e+00
   3.5811598e+00
   2.5519836e+00
   5.1192239e+00
   4.5412881e+00
