   5.5951566e+00
   1.6468152e+00
   4.0801479e+00
   1.7742843e+00
   3.1473487e+00
   3.3392208e+00
   6.1109832e+00
   1.4592783e+00
   3.6637587e+00
   5.5846220e+00
   1.6371222e+00
   1.2373644e+00
   3.2429861e+00
   1.1326027e+00
   2.2743209e+00
   2.2262266e+00
   7.7151765e-01
   8.2726432e-01
   4.1738591e+00
   1.4592783e+00
   1.9786894e+00
   2.5136530e+00
   3.3258485e+00
   2.5575903e+00
   3.9946057e+00
   2.0034689e+00
   3.5753776e+00
   4.6929587e+00
   3.4993401e+00
   5.1313345e+00
   4.4381320e+00
   9.9175478e-01
   7.9788456e-01
   9.9175478e-01
   8.8309638e-01
   4.1650797e+00
   1.2060996e+00
   1.8212054e+00
   6.2316776e-01
   2.6336234e+00
   1.3900148e+00
   1.7196217e+00
   3.4052943e+00
   3.4659797e+00
   1.2976360e+00
   1.4505269e+00
   4.3941640e+00
   1.7580640e+00
   2.6761862e+00
   1.8737551e+00
   5.0777063e-01
   3.0071887e+00
   6.7098249e+00
   1.9963065e+00
   3.5346376e+00
   3.6589772e+00
   4.6524265e-01
   1.1794127e+00
   1.8124453e+00
   1.0954580e+00
   1.2334996e+00
   6.0175520e+00
   1.9633473e+00
   1.4494293e+00
   4.0393768e+00
   2.7004591e+00
   1.2270313e+00
   1.3842780e+00
   1.9915173e+00
   8.0779655e-01
   1.5191269e+00
   1.4538149e+00
   1.5787230e+00
   2.0560047e+00
   1.0155413e+00
   2.6839062e+00
   3.8211091e+00
   5.2624101e-01
   3.5201994e+00
   7.3777361e-01
   5.4162200e+00
   8.3492434e-01
   1.0029253e+00
   4.4409999e+00
   1.6631635e+00
   1.1055813e+00
   1.1170384e+00
   3.0356336e+00
   1.1821085e+00
   2.1057200e+00
   9.2533972e-01
