   2.4587500e+01
   2.1300000e+00
   1.3075000e+01
   2.4725000e+00
   7.7800000e+00
   8.7575000e+00
   2.9330000e+01
   1.6725000e+00
   1.0542500e+01
   2.4495000e+01
   2.1050000e+00
   1.2025000e+00
   8.2600000e+00
   1.0075000e+00
   4.0625000e+00
   3.8925000e+00
   4.6750000e-01
   5.3750000e-01
   1.3682500e+01
   1.6725000e+00
   3.0750000e+00
   4.9625000e+00
   8.6875000e+00
   5.1375000e+00
   1.2532500e+01
   3.1525000e+00
   1.0040000e+01
   1.7297500e+01
   9.6175000e+00
   2.0680000e+01
   1.5470000e+01
   7.7250000e-01
   5.0000000e-01
   7.7250000e-01
   6.1250000e-01
   1.3625000e+01
   1.1425000e+00
   2.6050000e+00
   3.0500000e-01
   5.4475000e+00
   1.5175000e+00
   2.3225000e+00
   9.1075000e+00
   9.4350000e+00
   1.3225000e+00
   1.6525000e+00
   1.5165000e+01
   2.4275000e+00
   5.6250000e+00
   2.7575000e+00
   2.0250000e-01
   7.1025000e+00
   3.5360000e+01
   3.1300000e+00
   9.8125000e+00
   1.0515000e+01
   1.7000000e-01
   1.0925000e+00
   2.5800000e+00
   9.4250000e-01
   1.1950000e+00
   2.8440000e+01
   3.0275000e+00
   1.6500000e+00
   1.2815000e+01
   5.7275000e+00
   1.1825000e+00
   1.5050000e+00
   3.1150000e+00
   5.1250000e-01
   1.8125000e+00
   1.6600000e+00
   1.9575000e+00
   3.3200000e+00
   8.1000000e-01
   5.6575000e+00
   1.1467500e+01
   2.1750000e-01
   9.7325000e+00
   4.2750000e-01
   2.3040000e+01
   5.4750000e-01
   7.9000000e-01
   1.5490000e+01
   2.1725000e+00
   9.6000000e-01
   9.8000000e-01
   7.2375000e+00
   1.0975000e+00
   3.4825000e+00
   6.7250000e-01
