   1.8999037e+00
   4.8316506e+00
   4.8015815e+00
   7.5117770e+00
   6.4394277e+00
   4.6953320e+00
   4.9029341e+00
   1.0479356e+00
   4.6496890e+00
   4.0299095e+00
   6.2147986e+00
   5.7419977e+00
   5.0964779e+00
   9.7309211e+00
   3.3085763e+00
   4.6032477e+00
   4.0867738e+00
   4.8716717e+00
   3.2713267e+00
   4.8379051e+00
   4.1894638e+00
   4.8398786e+00
   4.2265294e+00
   4.4014020e+00
   4.2956285e+00
   5.1489834e+00
   5.8078652e+00
   4.3270068e+00
   2.0552304e+00
   4.7448981e+00
   1.2778614e+00
   4.5078712e+00
   5.3867550e+00
   3.9339836e+00
   4.1347822e+00
   6.0846218e+00
   3.1559335e+00
   3.8144390e+00
   2.5860570e+00
   3.5842694e+00
   4.6507157e+00
   1.9649679e+00
   3.6681002e+00
   2.8011317e+00
   5.8264697e+00
   6.8805690e+00
   2.5269144e+00
   4.8667688e+00
   3.4216133e+00
   5.4276680e+00
   3.8592382e+00
   4.5657545e+00
   2.3432553e+00
   3.5780475e+00
   3.8715904e+00
   3.1091914e+00
   3.6266465e+00
   4.6356338e+00
   3.3133832e+00
   5.4431870e+00
   3.7943585e+00
   4.0223987e+00
   2.9212819e+00
   1.7334490e+00
   1.3279446e+00
   5.8059467e+00
   2.9337858e+00
   1.7715912e+00
   1.7679941e+00
   7.0259161e+00
   4.5472420e+00
   2.9185566e+00
   2.1275259e+00
   5.7181108e+00
   3.3837267e+00
   4.4827339e+00
   1.5043880e+00
   1.6688953e+00
   2.6516910e+00
   6.7874141e+00
   1.1901592e+00
   3.1483599e+00
   3.1629859e+00
   1.4636344e+00
   5.6418958e-02
   1.7814459e+00
   1.6859737e+00
   1.3134838e+00
   1.5867675e+00
   1.0538874e+01
   3.1760416e+00
   5.8441980e+00
   2.8801312e+00
   3.5111454e+00
   4.4291577e+00
   2.7034043e+00
   3.8847229e+00
   3.3095382e+00
   4.5713285e+00
   5.3201612e+00
   3.9010762e+00
   4.1061995e+00
   4.4535255e+00
   2.9413709e+00
   3.4929669e+00
   3.9275052e+00
   4.3970607e+00
   2.8928130e+00
   3.6156586e+00
   3.3761927e+00
   5.7142128e+00
   1.5295678e+00
   2.3695963e+00
   2.5419856e+00
   4.4244839e+00
   2.9736591e+00
   2.9896725e+00
   4.3723783e+00
   3.7809122e+00
   3.1534110e+00
   4.8840703e+00
   4.3236951e+00
   4.1328572e+00
   3.2469098e+00
   5.7946967e+00
   2.5363444e+00
   1.3634257e+00
   4.1513007e+00
   5.9665549e+00
   2.3405369e+00
   2.1011802e+00
   3.7065152e+00
   6.3103539e+00
   3.8802136e+00
   3.9505359e+00
   4.0586373e+00
   5.6082261e+00
   3.9444882e+00
   3.4220784e+00
   1.8720555e+00
   2.7210086e+00
   4.4528107e+00
   5.1975918e+00
   3.7783857e+00
   4.1727150e+00
   2.6969206e+00
   4.5124587e+00
   5.5746385e+00
   5.0936665e+00
   3.7150931e+00
   4.7328075e+00
   3.0277590e+00
   1.9923163e+00
   3.2044776e+00
   3.7163781e+00
   1.6831393e+00
   5.8789529e+00
   6.7212007e+00
   3.9331744e+00
   3.5097853e+00
   2.9076297e+00
   3.8773413e+00
   2.7315167e+00
   3.3587055e+00
   5.7350641e+00
   3.0050710e+00
   3.0767736e+00
   2.6868696e+00
   4.9385123e+00
   2.8355789e+00
   5.1045908e+00
   3.6064029e+00
   5.6708772e+00
   2.7714288e+00
   8.0392561e+00
   3.7922606e+00
   7.4244005e+00
   2.5332049e+00
   5.4428946e+00
   3.7939390e+00
   2.7725771e+00
   3.2718132e+00
   3.7542991e+00
   4.2366844e+00
   3.7172345e+00
   2.8056734e+00
   3.2365998e+00
   3.3277622e+00
   3.3229761e+00
   2.3903269e+00
   4.7432207e+00
   2.6396597e+00
   2.9032475e+00
   2.5111190e+00
   3.8044120e+00
   3.9581830e+00
