   4.4287984e+00
   8.9027615e-01
   2.0248040e+00
   6.9904888e+00
   1.2703665e+00
   2.6202947e+00
   3.3071329e+00
   8.1953271e-01
   3.1362040e+00
   5.8632301e-01
   1.7140596e+00
   2.0200824e+00
   2.0668137e+00
   1.3207340e+00
   4.3052508e+00
   8.2147243e-01
   6.3161522e+00
   7.3159967e+00
   8.1953271e-01
   9.0797721e-01
   8.3492434e-01
   1.1227231e+00
   2.4772999e+00
   1.0117573e+01
   5.7536274e-01
   7.5244787e+00
   3.3672241e+00
   1.1127558e+00
   4.9789531e+00
   3.8559376e+00
   2.4540626e+00
   3.5633385e+00
   9.1543128e+00
   6.5671764e+00
   1.3231419e+00
   6.5797665e+00
   9.4743542e-01
   4.7014294e+00
   4.0267488e+00
   8.0976439e-01
   2.1829107e+00
   6.0602471e+00
   9.0093852e-01
   3.1875463e+00
   2.6969206e+00
   4.7949477e+00
   2.7221782e+00
   3.5709234e+00
   2.3581505e+00
   5.0006424e+00
   4.0117014e+00
   4.6184354e+00
   3.6160987e+00
   9.0622266e-01
   2.6348318e+00
   1.9770800e+00
   1.5512649e+00
   6.7102993e+00
   1.6526036e+00
   1.1981559e+00
   1.4701443e+00
   9.2877327e-01
   1.9364117e+00
   2.1026945e+00
   6.6036698e-01
   2.6026207e+00
   8.6855882e-01
   6.7502637e+00
   3.9299358e+00
   1.2360774e+00
   3.0177551e+00
   8.8129230e-01
   4.3676437e+00
   7.6113336e-01
   3.6806615e+00
   2.2475716e+00
   9.5078919e-01
   3.3809034e+00
   4.2314219e+00
   4.7793219e+00
   4.9465625e+00
   1.9157539e+00
   1.9939134e+00
   7.9187782e-01
   3.7039379e+00
   4.1810978e+00
   3.0366820e+00
   4.3570634e+00
   1.5012108e+00
   4.0848261e+00
   1.3528791e+00
   1.2976360e+00
   5.1604075e+00
   1.3517022e+00
   7.9987679e-01
   8.1710158e+00
   1.2205287e+00
   1.2603041e+00
   1.9738574e+00
   1.0341766e+00
   4.8005870e+00
   8.1966864e+00
   6.6036698e-01
   4.9958661e+00
   1.6831393e+00
   3.8410498e+00
   9.2877327e-01
   2.9811427e+00
   9.2705808e-01
   1.2828336e+00
   1.6448812e+00
   1.0217908e+00
   4.9725559e+00
   3.4225435e+00
   7.5693976e-01
   8.8309638e-01
   1.4116019e+00
   8.1953271e-01
   2.7535689e+00
   1.6916282e+00
   3.2781308e+00
   7.6123790e+00
   6.6755812e-01
   1.4948362e+00
   1.1548673e+00
   7.0241037e-01
   1.8420596e+00
   1.0550194e+01
   2.5085826e+00
   2.5588346e+00
   3.0013613e+00
   1.5777146e+00
   3.2824975e+00
   2.3976398e+00
   4.5765479e+00
   8.7403874e-01
   1.8463745e+00
   3.6992083e+00
   5.6731219e+00
   8.2340759e-01
   6.0236321e+00
   4.7206859e+00
   4.4050165e+00
   5.4285476e+00
   1.3692499e+00
   4.0275392e+00
   2.9564826e+00
   1.1354096e+00
   4.1985714e+00
   3.5521548e+00
   5.4990398e-01
   3.2237894e+00
   4.8909087e+00
   3.6802290e+00
   8.3585786e+00
   3.7496330e+00
   1.4668929e+00
   1.4172281e+00
   1.5957691e+00
   3.1040683e+00
   2.9928649e+00
   1.2815924e+00
   4.2967399e+00
   2.6007855e+00
   5.3805468e+00
   6.3042979e+00
   3.0272333e+00
   5.1192239e+00
   3.8110996e+00
   7.2471464e-01
   3.9254785e+00
   3.0087760e+00
   1.3469842e+00
   2.3702678e+00
   5.8360224e-01
   7.2690743e-01
   4.9391568e+00
   8.2147243e-01
   8.5749393e-01
   2.7221782e+00
   5.9875907e+00
   5.5834819e+00
   1.6840846e+00
   2.3083560e+00
   1.3854272e+00
   5.8086873e-01
   3.1387403e+00
   8.1563942e-01
   2.7039930e+00
   2.3662356e+00
   1.2766153e+00
   3.2297082e+00
   3.0508001e+00
   1.8652418e+00
   4.3240632e+00
   2.5743372e+00
   1.8999037e+00
   3.6823907e+00
   1.7112717e+00
   2.3594999e+00
   1.9986968e+00
   1.1423968e+00
   2.5909758e+00
   2.3669081e+00
   1.3398760e+00
   1.7325306e+00
   4.2483138e+00
   3.7496330e+00
   1.9819041e+00
   1.0013372e+00
   2.2952186e+00
   3.7968743e+00
   5.3027818e+00
   8.4026374e+00
   3.3879573e+00
   6.0368285e+00
   4.3716502e+00
   7.0593623e+00
   1.9778849e+00
   1.9891184e+00
   1.1311966e+00
   3.0814256e+00
   3.2237894e+00
   5.1480561e+00
   4.2539296e+00
   5.2545408e+00
   2.6324145e+00
   4.2287882e+00
   5.6475349e+00
   4.5605228e+00
   5.4915097e+00
   6.0940310e+00
   5.1189130e+00
   3.6033124e+00
   3.5824928e+00
   2.3983035e+00
   4.3672793e+00
   1.1507255e+00
   2.6056765e+00
   3.4673570e+00
   3.6463412e+00
   3.1040683e+00
   2.7737249e+00
   4.4395662e+00
   3.9662167e+00
   3.0356336e+00
   2.7857486e+00
   4.1959170e+00
   1.7122015e+00
   1.9835096e+00
