   2.0000000e+00
   1.4600000e+00
   7.4275000e+00
   1.9625000e+00
   5.1425000e+00
   3.0042500e+01
   1.6537500e+01
   1.4777500e+01
   4.9762500e+01
   5.1000000e-01
   6.5325000e+00
   4.8025000e+00
   3.6425000e+00
   4.3282500e+01
   3.8500000e-01
   4.5500000e-01
   1.2670000e+01
   1.6690000e+01
   5.9650000e+00
   1.8507500e+01
   5.3275000e+00
   3.3250000e-01
   4.3000000e-01
   4.3150000e+00
   2.5600000e+00
   7.5500000e-01
   5.0500000e-01
   5.9025000e+00
   2.0202500e+01
   1.5050000e+00
   4.3250000e-01
   1.9900000e+01
   2.4082500e+01
   1.5675000e+00
   1.4265000e+01
   7.3675000e+00
   2.9917500e+01
   2.2305000e+01
   3.9050000e+00
   1.9925000e+00
   1.2407500e+01
   6.7075000e+00
   1.8335000e+01
   5.2875000e+00
   1.6475000e+00
   1.5697500e+01
   3.4875000e+00
   2.3675000e+00
   6.7000000e-01
   4.3600000e+00
   2.5747500e+01
   1.1652500e+01
   1.5792500e+01
   3.1265000e+01
   2.9000000e+00
   1.3325000e+01
   5.1250000e-01
   1.7742500e+01
   7.1500000e+00
   4.7100000e+00
   4.6450000e+00
   2.9350000e+00
   1.0715000e+01
   1.2485000e+01
   2.8842500e+01
   1.7385000e+01
