   4.5173938e+00
   3.1770437e+00
   3.5007043e+00
   3.2757024e+00
   4.3854627e+00
   2.8198193e+00
   2.3398568e+00
   2.5798953e+00
   6.1247710e+00
   4.0452826e+00
   3.6611514e+00
   4.5591266e+00
   5.5440060e+00
   4.3541402e+00
   2.1594536e+00
   6.0765078e+00
   3.6204974e+00
   4.5300594e+00
   7.8444673e+00
   2.8136039e+00
   2.3234749e+00
   5.3746276e+00
   1.0555021e+00
   7.2690743e-01
   2.8406259e+00
   5.6722803e+00
   5.3485053e+00
   4.8918848e+00
   1.0539931e+00
   5.3171688e+00
   8.1953271e-01
   4.0362235e+00
   5.3888228e+00
   3.9343881e+00
   4.5577300e+00
   1.0494533e+00
   7.1700927e+00
   3.0098338e+00
   4.9687136e+00
   4.4402831e+00
   5.7072455e+00
   2.9037956e+00
   2.1297690e+00
   5.6365335e+00
   2.4785844e+00
   6.3327611e+00
   4.9226956e+00
   1.7489877e+00
   2.0161392e+00
   2.5879026e+00
   5.2490860e+00
   2.8107742e+00
   7.1915916e+00
   5.0550883e+00
   3.8575883e+00
   3.4429435e+00
   3.8219420e+00
   5.6082261e+00
   3.7648824e+00
   3.6979173e+00
   5.3336061e+00
   3.2341402e+00
   4.5195072e+00
   2.8906114e+00
   2.6779697e+00
   3.7922606e+00
   6.0386737e+00
   5.2384631e+00
   3.5642317e+00
   8.5637958e+00
   6.7076898e+00
   3.4581646e+00
   5.1923836e+00
   3.1925354e+00
   5.5356746e+00
   5.6646994e+00
   5.1014720e+00
   3.4710271e+00
   3.6002192e+00
   3.4929669e+00
   4.9958661e+00
   4.1154913e+00
   8.2918596e-01
   2.7286019e+00
   3.4197522e+00
   3.9157358e+00
   2.5934317e+00
   4.5307620e+00
   1.7832318e+00
   4.9423780e+00
   5.4452333e+00
   3.7060858e+00
   3.6393508e+00
   2.5600782e+00
   3.3349284e+00
   1.5128278e+00
   1.9923163e+00
   3.2737584e+00
   3.6292786e+00
   4.8158134e+00
   4.3756531e+00
   4.4734933e+00
   3.3291966e+00
   3.7509062e+00
   4.6490043e+00
   3.0850390e+00
   1.9429759e+00
   4.5775910e+00
   2.0389034e+00
   9.5912229e-01
   5.8588854e+00
   3.7313368e+00
   1.6047202e+00
   5.1058378e+00
   1.6535664e+00
   3.4424812e+00
   4.7459043e+00
   5.8182692e+00
   2.3262132e+00
   1.0108287e+00
   4.7435562e+00
   2.8573849e+00
   2.1513312e+00
   1.3086280e+00
   4.1313165e+00
   1.4295277e+00
   3.6698353e+00
   4.0168555e+00
   8.0779655e-01
   6.2974780e+00
   3.2365998e+00
   3.7441110e+00
   1.0509687e+00
   3.9738336e+00
   8.1563942e-01
   4.6647255e+00
   4.7287704e+00
   1.5533155e+00
   3.4604650e+00
   1.8036427e+00
   4.5605228e+00
   3.3837267e+00
   2.6129958e+00
   8.1953271e-01
   4.9651889e+00
   3.3577576e+00
   1.1141852e+00
   6.4660655e+00
   5.6534499e+00
   6.1237315e+00
   1.9232163e+00
   3.5197473e+00
   4.9100703e+00
   3.8826738e+00
   2.8723844e+00
   4.7445627e+00
   4.5873158e+00
   6.7651013e+00
   3.5931392e+00
   1.9265236e+00
   3.1071432e+00
   5.1070845e+00
   4.7375131e+00
   3.8830837e+00
   5.1542355e+00
   3.3377906e+00
   5.0513088e+00
   4.5640113e+00
   5.1690359e+00
   1.1493416e+00
   4.1803364e+00
   3.1081675e+00
   4.3774713e+00
   1.5461265e+00
   4.1131704e+00
   2.6318099e+00
   2.5768089e+00
   5.2366398e+00
   3.1900419e+00
   3.5020679e+00
   1.6869174e+00
   4.5286539e+00
   3.8818539e+00
   1.6342032e+00
   3.1178813e+00
   4.6949930e+00
   3.3234550e+00
   4.1317017e+00
   3.3917133e+00
   3.1594617e+00
   4.3196441e+00
   4.0719482e+00
   4.1547497e+00
   5.0764523e+00
   4.2722229e+00
   5.9766826e+00
