   2.3466489e+00
   2.7982893e+00
   1.4082154e+00
   6.2132619e+00
   1.8386003e+00
   7.0993794e+00
   4.6001349e+00
   2.2489873e+00
   2.8051061e+00
   7.2028695e+00
   4.4962052e+00
   4.1620216e+00
   2.2938314e+00
   3.9145163e+00
   1.0959083e+01
   3.4192868e+00
   3.4984304e+00
   9.8016473e+00
   7.5481313e+00
   3.8855422e+00
   3.2916969e+00
   5.5440060e+00
   3.7602294e+00
   2.5306906e+00
   5.8813889e+00
   9.1496175e-01
   5.2253825e+00
   6.5204794e+00
   3.1143061e+00
   5.7704763e+00
   7.0188903e+00
   4.4039325e+00
   2.1520708e+00
   1.4395129e+00
   2.6075082e+00
   3.0161725e+00
   2.2609858e+00
   4.0762453e+00
   4.5029257e+00
   1.5726627e+00
   5.4822276e+00
   2.4240463e+00
   3.2158806e+00
   6.2510576e+00
   3.9810362e+00
   3.2635332e+00
