   8.4628438e-01
   1.4070847e+00
   1.3911593e+00
   1.9314740e+00
   2.0404640e+00
   5.1424882e+00
   1.4036874e+00
   6.1304852e+00
   2.6099486e+00
   6.2571652e-01
   3.4719440e+00
   1.1297888e+00
   1.0202320e+00
   1.0881695e+00
   3.0124765e+00
   4.8700379e+00
   2.5768089e+00
   1.5033297e+00
   1.8788445e+00
   5.3186652e+00
   8.7767302e-01
   1.1507255e+00
   6.1545817e-01
   9.4069202e-01
   4.3332551e+00
   3.1260380e+00
   4.4742048e+00
   1.0171072e+00
   6.6277269e-01
   6.1803872e-01
   5.4990398e-01
   5.3225539e-01
   1.4884343e+00
   1.4127289e+00
   2.6038434e+00
   5.6136155e-01
   8.9206206e-01
   7.1190800e+00
   5.9532027e+00
   4.6993978e+00
   3.0029517e+00
   5.5448672e+00
   6.6993801e-01
   4.2967399e-01
   2.8773669e+00
   4.4424332e-01
   6.5309666e-01
   9.8531475e-01
   1.7688941e+00
   5.7536274e-01
   4.4064615e-01
   1.9281752e+00
   3.6511393e+00
   5.5566230e-01
   4.4003171e+00
   2.4592454e+00
   2.7639532e-01
   2.2319386e+00
   2.9152828e+00
   6.9098830e-01
   3.1634890e+00
   7.5903945e-01
   1.1213046e+00
   8.0384642e-01
   4.5594757e+00
   5.0777063e-01
   3.1362040e+00
   5.0777063e-01
   6.2032638e+00
   1.1672045e+00
   3.3515901e+00
   4.4538828e+00
   5.2675490e+00
   2.7045815e+00
   4.0093203e+00
   1.1084567e+00
   1.0124020e+00
   1.4002817e+00
   9.4911379e-01
   2.8495763e+00
   6.6277269e-01
   1.3013103e+00
   4.0429213e+00
   6.5552906e-01
   4.6304810e+00
   4.3731062e+00
   2.1930942e+00
   6.4574449e-01
   8.1172746e-01
   3.3752497e+00
   3.6362883e+00
   5.2693616e+00
   7.8614914e+00
   1.1113246e+00
   4.8860251e-01
   5.5851919e-01
   9.0622266e-01
   3.6178588e+00
   1.2678584e+00
   3.4934225e+00
   2.4266712e+00
   2.1110041e+00
   1.4272993e+00
   3.1745379e+00
   4.5834978e-01
   3.5382380e+00
   3.6581071e+00
   6.0765078e-01
   1.0734439e+00
   8.3301594e-01
   6.0238963e-01
   3.3601267e+00
   4.1627864e+00
   4.4399247e+00
   4.5748087e+00
   1.0793582e+00
   9.1843410e-01
   3.0335357e+00
   6.4574449e-01
   1.7544391e+00
   9.5413116e-01
   4.1837615e+00
   6.8868115e-01
   4.4424332e-01
   4.4122367e+00
   6.2558933e+00
   6.3229520e+00
   5.9526680e+00
   3.1875463e+00
   1.6351768e+00
   3.4572440e+00
   5.1089540e-01
   4.0894989e+00
   1.0341766e+00
   7.6322152e-01
   5.2624101e-01
   2.7227628e+00
   1.1548673e+00
   3.4572440e+00
   1.3398760e+00
   3.8612997e+00
   1.8822298e+00
   3.7496330e+00
   7.2642558e+00
   2.7122208e+00
   6.8731630e+00
   1.0264530e+00
   4.8533423e-01
   4.1413206e+00
   5.0127221e+00
   1.2231339e+00
   9.6738362e-01
   8.2340759e-01
   2.2276560e+00
   5.4860003e+00
   2.2475716e+00
   3.3330189e+00
   5.5132033e+00
   3.0024217e+00
   3.0809091e+00
   4.0291195e-01
   5.5566230e-01
   3.3377906e-01
   8.4850062e+00
   2.3869954e+00
   5.1400117e-01
   1.5337242e+00
   3.3544380e+00
   2.2010626e+00
   1.1726460e+00
   8.6855882e-01
   3.3301526e+00
   2.7639532e-01
   4.5433904e+00
   3.3851375e-01
   6.7230948e-01
   5.3279335e+00
   1.1423968e+00
   1.0076748e+00
   6.4079619e-01
   9.5413116e-01
   1.7380336e+00
   8.5806911e+00
   2.3350907e+00
   1.3171138e+00
   3.4090312e+00
   5.8903122e-01
   1.1603667e+00
   1.0233472e+00
   2.1461463e+00
   4.7616398e+00
   9.9335827e-01
   4.2008452e+00
   7.4207554e-01
   9.5246164e-01
   3.0937967e+00
   7.0241037e-01
   9.4743542e-01
   6.7702750e-01
   6.3078313e-01
   1.0925484e+00
   5.1539267e+00
   7.8986542e-01
   6.6516971e-01
   6.1026434e-01
   4.9526720e+00
   4.6865107e-01
   5.2536321e+00
   9.9495917e-01
   7.0014086e-01
   3.1524014e+00
   3.6633243e+00
   1.4733884e+00
   1.7841241e+00
   1.8238252e+00
   5.0146267e-01
   5.2702676e+00
   3.3982764e+00
   4.7216972e+00
   1.2678584e+00
   3.0261817e+00
   3.0850390e+00
   7.3127328e-01
   5.7258989e-01
   1.2334996e+00
   2.2687157e+00
   4.5486418e-01
   5.3523723e-01
   7.2471464e-01
   4.4976208e+00
   2.0106058e+00
   4.1837615e+00
   1.7688941e+00
   5.6893701e+00
   3.4150951e+00
   2.3534213e+00
   2.5575903e+00
   1.1055813e+00
   2.0806284e+00
   3.7274960e+00
   3.1589579e+00
   6.4820448e-01
   1.3505242e+00
   5.8360224e-01
   5.3991499e+00
   3.4239382e+00
   3.6257686e+00
   3.5242661e+00
   6.3299959e+00
   4.9507435e-01
   1.9024152e+00
   2.1894627e+00
   4.0405586e+00
   1.2527042e+00
   1.5295678e+00
   7.7768167e-01
   3.9513415e+00
   5.1400117e-01
   3.7086615e+00
   1.2653453e+00
   4.2833844e+00
   3.7800702e+00
   2.9240047e+00
   9.9495917e-01
   5.6286218e+00
   3.9088201e-01
   2.7431452e+00
   5.5566230e-01
   7.7357778e-01
   2.3662356e+00
   1.1297888e+00
   2.4644173e+00
   6.1571672e+00
   2.5111190e+00
   1.0630146e+00
   5.1708829e-01
   3.1412747e-01
   1.6477813e+00
   1.2437789e+00
   1.2087359e+00
   2.3876620e+00
   2.9623983e+00
   4.0832673e+00
   4.0762453e+00
   2.7204237e+00
   1.1098916e+00
   3.4034243e+00
   1.5967662e+00
   5.5840520e+00
   6.3530854e+00
   3.5887070e+00
   3.4682749e+00
   4.6783531e+00
   1.2179179e+00
   1.4048207e+00
   3.0896785e+00
   1.0837728e+00
   2.5872876e+00
   4.1921222e+00
   3.0669296e+00
   1.3968678e+00
   9.6902743e-01
   4.7331438e+00
   4.7756574e+00
   3.6524468e+00
   1.8307930e+00
   7.7768167e-01
   1.2691131e+00
   2.2312254e+00
   1.2741195e+00
   1.3146949e+00
   3.8265199e-01
   3.1584540e+00
   5.0852232e+00
   1.2914890e+00
   5.2015709e-01
   2.9234604e+00
   3.9230451e+00
   2.5971112e+00
   2.9607861e+00
   4.3683724e+00
   1.9240437e+00
   1.9132600e+00
   6.6755812e-01
   1.6322542e+00
   3.6165388e+00
   1.1617375e+00
   4.3482879e+00
   3.8699458e+00
   6.3830765e-01
   7.2081706e+00
   2.4605394e+00
   3.1835494e+00
   1.4483308e+00
   6.6516971e-01
   3.0741862e+00
   2.9532509e+00
   1.5012108e+00
   2.3635436e+00
   2.6850920e+00
   1.7444319e+00
   2.7633773e+00
   3.3306305e+00
   3.1189021e+00
   4.3701937e+00
   1.8515392e+00
   1.7316117e+00
   3.6806615e+00
   6.4401691e+00
   3.0098338e+00
   4.1440099e+00
   1.5553633e+00
   4.1715706e+00
   2.8999564e+00
   3.3606004e+00
   1.9446134e+00
