   6.3820791e+00
   4.5268963e+00
   2.2854902e+00
   2.8361401e+00
   3.9549650e+00
   3.6905935e+00
   1.2628272e+00
   7.5158015e+00
   6.0539409e+00
   1.7214718e+00
   4.8039012e+00
   4.0641235e+00
   4.7916273e+00
   4.7893017e+00
   4.7338162e+00
   4.4852185e+00
   1.9649679e+00
   3.7821748e+00
   4.0871632e+00
   5.6675083e+00
   4.5643600e+00
   1.7974552e+00
   5.5149351e+00
   4.7716565e+00
   5.3864595e+00
   4.7606369e+00
   1.6439133e+00
   3.3945276e+00
   1.5274853e+00
   3.3349284e+00
   3.8156905e+00
   3.4197522e+00
   1.6793527e+00
   6.5085083e+00
   6.0901123e+00
   4.7307894e+00
   6.0958589e+00
   2.6324145e+00
   2.7564573e+00
   5.0307871e+00
   4.3045114e+00
   6.0085528e+00
   5.1761127e+00
   6.6024646e+00
   3.4057616e+00
   8.6628366e+00
   4.5384835e+00
   4.0239811e+00
   6.7266448e+00
   6.4069683e+00
   5.2805252e+00
   3.7351737e+00
   1.9032516e+00
   2.3035246e+00
   1.9568515e+00
   3.2679193e+00
   5.6613269e+00
   5.0582357e+00
   7.6667531e+00
   6.0331365e+00
   2.9229159e+00
   2.6099486e+00
   2.9902048e+00
   8.1370535e+00
   1.1576202e+00
   4.4656595e+00
   5.8130695e+00
   4.2763189e+00
   8.1001986e+00
   5.1108228e+00
   3.9846326e+00
   4.1795749e+00
   6.1289273e+00
   4.2238927e+00
   2.9043436e+00
   1.8342670e+00
   3.9954025e+00
