   2.1937500e+01
   1.0522500e+01
   3.0425000e+00
   9.3900000e+00
   3.0827500e+01
   1.5672500e+01
   3.8192500e+01
   4.0150000e+00
   4.6680000e+01
   1.3847500e+01
   1.3792500e+01
   5.6125000e+00
   9.5940000e+01
   1.4825000e+00
   1.5635000e+01
   9.4750000e+00
   9.6025000e+00
   7.1612500e+01
   4.4275000e+01
   1.3427500e+01
   8.7400000e+00
   2.2932500e+01
   1.2945000e+01
   2.8795000e+01
   2.7372500e+01
   6.2250000e-01
   3.3357500e+01
   7.4300000e+00
   2.5480000e+01
   3.6335000e+01
   2.4175000e+00
   4.0900000e+00
   2.3795000e+01
   2.5025000e+00
   1.3240000e+01
   1.6690000e+01
   9.0077500e+01
   2.5700000e+00
   2.3070000e+01
   7.1150000e+00
   3.1882500e+01
   1.8277500e+01
   1.6500000e-01
