   2.7708545e+00
   3.6253297e+00
   3.2625577e+00
   2.7651046e+00
   5.4443564e+00
   5.9630862e+00
   4.4506656e+00
   7.5786434e+00
   2.7931658e+00
   1.4980269e+00
   2.5401066e+00
   7.2649131e+00
   4.1108481e+00
   4.6346037e+00
   5.0035060e+00
   3.1382332e+00
   4.0061433e+00
   4.9443098e+00
   2.7098725e+00
   4.7873074e-01
   9.2533972e-01
   8.1368579e-01
   5.1880906e+00
   5.0726888e+00
   1.7992253e+00
   5.5327987e+00
   1.1326027e+00
   5.0212873e+00
   3.2014963e+00
   5.4273748e+00
   5.8450150e+00
   1.7389491e+00
   3.0560124e+00
   3.8781622e+00
   4.9339984e+00
   4.6633605e+00
   2.9130983e+00
   4.5834978e-01
   4.3148517e+00
   4.4670848e+00
   6.3700977e+00
   4.7075189e+00
   8.7767302e-01
   4.8684037e+00
   5.1628742e+00
   3.3794909e+00
   1.0341766e+00
   2.5212395e+00
   5.5900341e+00
   6.0945534e+00
   1.6312788e+00
   4.3919903e+00
