   3.7846988e-01
   5.4700210e-01
   2.1230327e+00
   1.6380941e+00
   6.7679238e+00
   3.4778982e-01
   3.1050936e+00
   3.0731506e+00
   3.3181831e+00
   1.9859153e+00
   2.1026945e+00
   2.0018795e+00
   4.2023603e+00
   9.5912229e-01
   6.1255505e+00
   6.9110345e+00
   1.1382097e+00
   1.0372499e+00
   1.3267455e+00
   1.0084327e+01
   7.4939584e+00
   3.2581643e+00
   1.8080494e+00
   4.8234085e+00
   3.9120761e+00
   2.4253591e+00
   3.3757212e+00
   8.8477088e+00
   6.2797621e+00
   6.0378830e+00
   4.4463723e+00
   3.9424703e+00
   2.2813081e+00
   6.1390464e+00
   3.1189021e+00
   2.8988586e+00
   4.7287704e+00
   2.5909758e+00
   3.4842989e+00
   2.9891401e+00
   4.0093203e+00
   4.5025722e+00
   4.8276961e+00
   3.4856690e+00
   2.6227231e+00
   1.8940307e+00
   1.6126350e+00
   6.3673488e+00
   1.2060996e+00
   1.5967662e+00
   1.5022706e+00
   2.2039530e+00
   2.6904213e+00
   3.9287207e+00
   6.6605442e+00
   2.8757070e+00
   4.3365595e+00
   3.6698353e+00
   2.1952703e+00
   3.2287225e+00
   1.9413369e+00
   4.0656897e+00
   1.9673963e+00
   4.4570977e+00
   1.7343669e+00
   4.6466073e+00
   2.1147704e+00
   4.0350404e+00
   3.8904544e+00
   4.2625260e+00
   4.3545057e+00
   2.2680141e+00
   4.0660811e+00
   1.9843118e+00
   1.4505269e+00
   5.1462008e+00
   7.9892114e+00
   2.2140398e+00
   1.0310941e+00
   2.6868696e+00
   4.7081950e+00
   8.0091078e+00
   5.0459496e+00
   3.7606526e+00
   3.0398250e+00
   1.7859073e+00
   1.6784047e+00
   4.9687136e+00
   3.3354056e+00
   8.6855882e-01
   2.9976471e+00
   1.7223960e+00
   4.3814688e+00
   7.4108831e+00
   1.5170302e+00
   2.5848258e+00
   1.0457464e+01
   2.6916042e+00
   2.5469895e+00
   3.5686942e+00
   2.2966051e+00
   4.5430401e+00
   2.1364840e+00
   3.6581071e+00
   5.5817714e+00
   5.6705965e+00
   7.0762510e+00
   4.0381946e+00
   4.1123964e+00
   3.0840070e+00
   4.0953325e+00
   3.5997771e+00
   3.1825494e+00
   4.7902985e+00
   8.2021213e+00
   3.3056888e+00
   3.7198025e+00
   3.5274259e+00
   2.4585981e+00
   1.8177064e+00
   2.7685560e+00
   1.4014179e+00
   4.2287882e+00
   8.9206206e-01
   2.5212395e+00
   6.3535864e+00
   2.9327007e+00
   4.9888526e+00
   3.7750144e+00
   3.9838337e+00
   2.3035246e+00
   3.0829747e+00
   2.7057582e-01
   4.9103945e+00
   1.3481652e+00
   2.4514670e+00
   2.5638056e+00
   4.9214022e+00
   5.2171523e+00
   1.3785173e+00
   1.4350836e+00
   3.2188487e+00
   2.6939683e+00
   1.3715726e+00
   3.2014963e+00
   2.9392057e+00
   1.8299235e+00
   3.9842332e+00
   2.6720200e+00
   2.2525229e+00
   3.6270853e+00
   2.0943520e+00
   1.7270100e+00
   1.9754694e+00
   3.0881328e+00
   1.0600160e+00
   2.5476143e+00
   2.0706603e+00
   2.3554493e+00
   4.0867738e+00
   3.6125760e+00
   1.8584031e+00
   2.7379185e+00
   1.1994835e+00
   3.7606526e+00
   8.3490528e+00
   3.3743065e+00
   5.8659440e+00
   5.0745709e+00
   4.1532172e+00
   6.9911718e+00
   1.9256973e+00
   2.3493602e+00
   3.9364102e+00
   3.1890439e+00
   5.2320790e-01
   1.4059532e+00
   4.1201294e+00
   5.1008480e+00
   3.3253700e+00
   4.0750738e+00
   5.6376628e+00
   4.5046926e+00
   5.3598010e+00
   6.2609794e+00
   3.6819585e+00
   4.8267070e+00
   3.4364657e+00
   2.5563454e+00
   4.2948874e+00
   1.7535317e+00
   2.4036065e+00
   2.7280185e+00
   4.8204379e-01
   3.6424107e+00
   3.6996385e+00
   3.0161725e+00
   2.8439856e+00
   5.5851919e-01
   4.3416945e+00
   6.6516971e-01
   5.4767089e+00
   2.8922627e+00
   2.6330191e+00
   3.9573787e+00
   7.1038616e+00
   6.7702750e-01
   1.9835096e+00
