   5.2850442e+00
   3.6602818e+00
   1.9682051e+00
   3.4577043e+00
   6.2650453e+00
   4.4670848e+00
   6.9733924e+00
   2.2609858e+00
   7.7093983e+00
   4.1989504e+00
   4.1906033e+00
   2.6732110e+00
   1.1052357e+01
   1.3738914e+00
   4.4617374e+00
   3.4733190e+00
   3.4966102e+00
   9.5488149e+00
   7.5081743e+00
   4.1347822e+00
   3.3358827e+00
   5.4035697e+00
   4.0598135e+00
   6.0549924e+00
   5.9035370e+00
   8.9027615e-01
   6.5170613e+00
   3.0757389e+00
   5.6958005e+00
   6.8017026e+00
   1.7544391e+00
   2.2820056e+00
   5.5042470e+00
   1.7850160e+00
   4.1058119e+00
   4.6098121e+00
   1.0709353e+01
   1.8089294e+00
   5.4197450e+00
   3.0098338e+00
   6.3713468e+00
   4.8240684e+00
   4.5834978e-01
