   1.1250000e-01
   2.3500000e-01
   3.5400000e+00
   2.1075000e+00
   3.5975000e+01
   9.5000000e-02
   7.5725000e+00
   7.4175000e+00
   8.6475000e+00
   3.0975000e+00
   3.4725000e+00
   3.1475000e+00
   1.3870000e+01
   7.2250000e-01
   2.9470000e+01
   3.7512500e+01
   1.0175000e+00
   8.4500000e-01
   1.3825000e+00
   7.9870000e+01
   4.4107500e+01
   8.3375000e+00
   2.5675000e+00
   1.8272500e+01
   1.2020000e+01
   4.6200000e+00
   8.9500000e+00
   6.1482500e+01
   3.0972500e+01
   2.8632500e+01
   1.5527500e+01
   1.2207500e+01
   4.0875000e+00
   2.9600000e+01
   7.6400000e+00
   6.6000000e+00
   1.7562500e+01
   5.2725000e+00
   9.5350000e+00
   7.0175000e+00
   1.2625000e+01
   1.5922500e+01
   1.8305000e+01
   9.5425000e+00
   5.4025000e+00
   2.8175000e+00
   2.0425000e+00
   3.1842500e+01
   1.1425000e+00
   2.0025000e+00
   1.7725000e+00
   3.8150000e+00
   5.6850000e+00
   1.2122500e+01
   3.4842500e+01
   6.4950000e+00
   1.4770000e+01
   1.0577500e+01
   3.7850000e+00
   8.1875000e+00
   2.9600000e+00
   1.2982500e+01
   3.0400000e+00
   1.5602500e+01
   2.3625000e+00
   1.6957500e+01
   3.5125000e+00
   1.2787500e+01
   1.1887500e+01
   1.4270000e+01
   1.4892500e+01
   4.0400000e+00
   1.2985000e+01
   3.0925000e+00
   1.6525000e+00
   2.0800000e+01
   5.0130000e+01
   3.8500000e+00
   8.3500000e-01
   5.6700000e+00
   1.7410000e+01
   5.0380000e+01
   1.9997500e+01
   1.1107500e+01
   7.2575000e+00
   2.5050000e+00
   2.2125000e+00
   1.9390000e+01
   8.7375000e+00
   5.9250000e-01
   7.0575000e+00
   2.3300000e+00
   1.5077500e+01
   4.3135000e+01
   1.8075000e+00
   5.2475000e+00
   8.5890000e+01
   5.6900000e+00
   5.0950000e+00
   1.0002500e+01
   4.1425000e+00
   1.6210000e+01
   3.5850000e+00
   1.0510000e+01
   2.4470000e+01
   2.5255000e+01
   3.9327500e+01
   1.2807500e+01
   1.3282500e+01
   7.4700000e+00
   1.3172500e+01
   1.0177500e+01
   7.9550000e+00
   1.8022500e+01
   5.2837500e+01
   8.5825000e+00
   1.0867500e+01
   9.7725000e+00
   4.7475000e+00
   2.5950000e+00
   6.0200000e+00
   1.5425000e+00
   1.4045000e+01
   6.2500000e-01
   4.9925000e+00
   3.1705000e+01
   6.7550000e+00
   1.9547500e+01
   1.1192500e+01
   1.2465000e+01
   4.1675000e+00
   7.4650000e+00
   5.7500000e-02
   1.8937500e+01
   1.4275000e+00
   4.7200000e+00
   5.1625000e+00
   1.9022500e+01
   2.1377500e+01
   1.4925000e+00
   1.6175000e+00
   8.1375000e+00
   5.7000000e+00
   1.4775000e+00
   8.0500000e+00
   6.7850000e+00
   2.6300000e+00
   1.2467500e+01
   5.6075000e+00
   3.9850000e+00
   1.0332500e+01
   3.4450000e+00
   2.3425000e+00
   3.0650000e+00
   7.4900000e+00
   8.8250000e-01
   5.0975000e+00
   3.3675000e+00
   4.3575000e+00
   1.3117500e+01
   1.0250000e+01
   2.7125000e+00
   5.8875000e+00
   1.1300000e+00
   1.1107500e+01
   5.4747500e+01
   8.9425000e+00
   2.7025000e+01
   2.0225000e+01
   1.3547500e+01
   3.8387500e+01
   2.9125000e+00
   4.3350000e+00
   1.2170000e+01
   7.9875000e+00
   2.1500000e-01
   1.5525000e+00
   1.3332500e+01
   2.0435000e+01
   8.6850000e+00
   1.3042500e+01
   2.4962500e+01
   1.5937500e+01
   2.2562500e+01
   3.0787500e+01
   1.0647500e+01
   1.8297500e+01
   9.2750000e+00
   5.1325000e+00
   1.4487500e+01
   2.4150000e+00
   4.5375000e+00
   5.8450000e+00
   1.8250000e-01
   1.0420000e+01
   1.0750000e+01
   7.1450000e+00
   6.3525000e+00
   2.4500000e-01
   1.4805000e+01
   3.4750000e-01
   2.3557500e+01
   6.5700000e+00
   5.4450000e+00
   1.2300000e+01
   3.9635000e+01
   3.6000000e-01
   3.0900000e+00
