   4.5575000e+00
   1.7265000e+01
   1.5320000e+01
   4.1040000e+01
   9.7500000e-02
   3.0247500e+01
   1.6700000e+01
   1.6890000e+01
   1.5485000e+01
   1.2437500e+01
   2.9782500e+01
   2.4110000e+01
   1.6655000e+01
   7.0917500e+01
   1.6185000e+01
   1.4757500e+01
   1.7492500e+01
   2.1750000e-01
   9.4700000e+00
   1.6937500e+01
   1.7207500e+01
   1.3505000e+01
   1.7832500e+01
   1.4585000e+01
   1.3690000e+01
   1.8430000e+01
   2.1440000e+01
   2.5247500e+01
   1.7225000e+00
   1.4797500e+01
   1.8582500e+01
   1.4025000e+01
   2.0975000e+01
   1.2020000e+01
   2.8097500e+01
   1.2375000e+01
   7.5900000e+00
   1.1320000e+01
   5.3825000e+00
   9.2050000e+00
   1.6510000e+01
   2.4525000e+00
   9.9875000e+00
   6.3050000e+00
   3.5852500e+01
   2.5320000e+01
   1.7380000e+01
   9.3400000e+00
   2.2432500e+01
   1.5730000e+01
   4.8550000e+00
   9.9675000e+00
   1.0852500e+01
   1.0285000e+01
   7.6825000e+00
   2.3025000e+01
   9.2050000e+00
   1.6790000e+01
   1.1640000e+01
   1.3585000e+01
   2.8100000e+00
   6.3850000e+00
   2.4047500e+01
   2.1150000e+00
   1.5537500e+01
   3.6740000e+01
   3.1575000e+00
   2.5937500e+01
   7.4500000e+00
   9.2875000e+00
   8.3150000e+00
   1.6790000e+01
   8.4875000e+00
   4.9925000e+00
   3.4390000e+01
   8.7200000e+00
   6.9525000e+00
   1.9675000e+00
   2.2900000e+00
   2.2850000e+00
   2.4850000e+00
   2.2675000e+00
   2.2965000e+01
   7.4125000e+00
   8.2720000e+01
   7.5175000e+00
   2.3750000e+00
   1.5127500e+01
   8.7825000e+00
   5.1925000e+00
   1.1965000e+01
   7.6675000e+00
   2.2582500e+01
   1.4927500e+01
   1.1567500e+01
   3.0300000e+00
   1.1550000e+00
   1.2722500e+01
   1.4502500e+01
   7.0225000e+00
   1.0557500e+01
   1.2037500e+01
   2.0082500e+01
   1.0457500e+01
   8.5050000e+00
   2.5112500e+01
   5.3750000e+00
   2.0725000e+00
   1.5222500e+01
   7.3175000e+00
   1.3967500e+01
   1.0432500e+01
   9.0350000e+00
   1.7107500e+01
   4.8225000e+00
   1.5680000e+01
   7.8525000e+00
   1.3947500e+01
   2.7202500e+01
   5.1200000e+00
   1.8975000e+00
   1.2697500e+01
   2.6370000e+01
   4.6450000e+00
   4.3300000e+00
   2.2487500e+01
   2.7652500e+01
   1.1340000e+01
   1.2840000e+01
   2.2317500e+01
   1.1767500e+01
   3.4750000e+00
   1.0412500e+01
   6.3275000e+00
   1.5455000e+01
   6.0825000e+00
   2.1552500e+01
   9.6350000e+00
   1.3005000e+01
   6.6925000e+00
   2.2262500e+01
   1.5967500e+01
   1.0690000e+01
   1.9412500e+01
   3.8100000e+00
   1.5692500e+01
   7.3975000e+00
   4.2000000e-01
   3.7925000e+00
   7.4550000e+00
   1.0470000e+01
   2.7225000e+00
   3.3070000e+01
   2.5375000e+01
   1.1807500e+01
   9.4625000e+00
   6.3725000e+00
   1.1010000e+01
   4.8575000e+00
   8.7675000e+00
   7.7450000e+00
   8.4650000e+00
   2.3107500e+01
   5.3725000e+00
   1.8625000e+01
   1.6265000e+01
   1.9152500e+01
   2.2962500e+01
   5.1600000e+00
   5.0350000e+01
   6.3150000e+00
   8.9875000e+00
   4.1710000e+01
   2.2480000e+01
   1.2022500e+01
   6.3775000e+00
   7.3575000e+00
   1.1000000e+01
   1.2235000e+01
   1.2400000e+01
   6.7150000e+00
   8.6450000e+00
   1.1220000e+01
   5.0350000e+00
   7.2300000e+00
   1.8827500e+01
   5.9675000e+00
   6.0725000e+00
   1.5967500e+01
   4.5675000e+00
   1.6825000e+00
   1.0937500e+01
