   3.0292500e+01
   1.5885000e+01
   3.8050000e+00
   4.6525000e+00
   1.1282500e+01
   1.0047500e+01
   4.2455000e+01
   2.8177500e+01
   8.8750000e+00
   2.4100000e+00
   1.6865000e+01
   1.3030000e+01
   1.7762500e+01
   1.6242500e+01
   1.5847500e+01
   1.4672500e+01
   3.3750000e+00
   1.1517500e+01
   1.2765000e+01
   2.3810000e+01
   1.5767500e+01
   2.9750000e+00
   2.3597500e+01
   1.6890000e+01
   2.2200000e+01
   2.9850000e+00
   1.7375000e+01
   8.6750000e+00
   1.8837500e+01
   4.0750000e-01
   1.0350000e+01
   2.4000000e+00
   3.2325000e+01
   2.8447500e+01
   2.2425000e+00
   1.7470000e+01
   2.8692500e+01
   3.2450000e+00
   5.3800000e+00
   6.0450000e+00
   1.9050000e+01
   1.5112500e+01
   2.7617500e+01
   2.1032500e+01
   3.4035000e+01
   6.5250000e-01
   8.3000000e+00
   5.6057500e+01
   1.5900000e+01
   2.0575000e+00
   1.2532500e+01
   3.3767500e+01
   3.2240000e+01
   2.1325000e+01
   7.8750000e-01
   1.1030000e+01
   3.3875000e+00
   5.0100000e+00
   9.5925000e+00
   8.6600000e+00
   5.8025000e+00
   2.4917500e+01
   4.9132500e+01
   4.6340000e+01
   5.5375000e+00
   7.9300000e+00
   5.0065000e+01
   1.3350000e+00
   1.5007500e+01
   2.9500000e-01
   1.4795000e+01
   2.4380000e+01
   5.0422500e+01
   1.1000000e+00
   2.0215000e+01
   1.1867500e+01
   1.4147500e+01
   2.9920000e+01
   6.9250000e+00
   2.5675000e+00
   1.0265000e+01
   9.5000000e-02
