   6.2104435e+00
   4.4972670e+00
   2.2010626e+00
   2.4338749e+00
   3.7901616e+00
   3.5767128e+00
   7.3522367e+00
   5.9897168e+00
   3.3615474e+00
   1.7517155e+00
   4.6339168e+00
   4.0731206e+00
   4.7556196e+00
   4.5475920e+00
   4.4919554e+00
   4.3222225e+00
   2.0729649e+00
   3.8294303e+00
   4.0314889e+00
   5.5059816e+00
   4.4806031e+00
   1.9462496e+00
   5.4813566e+00
   4.6373501e+00
   5.3165701e+00
   1.9495179e+00
   4.7034601e+00
   3.3234550e+00
   4.8974126e+00
   7.2030904e-01
   3.6301555e+00
   1.7480775e+00
   6.4154087e+00
   6.0183454e+00
   1.6897454e+00
   4.7163010e+00
   6.0442060e+00
   2.0326491e+00
   2.6172560e+00
   2.7742987e+00
   4.9249582e+00
   4.3865513e+00
   5.9298982e+00
   5.1748827e+00
   6.5829103e+00
   9.1147617e-01
   3.2508289e+00
   8.4483505e+00
   4.4993898e+00
   1.6185458e+00
   3.9946057e+00
   6.5569899e+00
   6.4069683e+00
   5.2107421e+00
   1.0013372e+00
   3.7475101e+00
   2.0768002e+00
   2.5256544e+00
   3.4947890e+00
   3.3205804e+00
   2.7180825e+00
   5.6325790e+00
   7.9093263e+00
   7.6812708e+00
   2.6552898e+00
   3.1775446e+00
   7.9840302e+00
   1.3037541e+00
   4.3712861e+00
   6.1286676e-01
   4.3402280e+00
   5.5714971e+00
   8.0124853e+00
   1.1834541e+00
   5.0733162e+00
   3.8871803e+00
   4.2441909e+00
   6.1721412e+00
   2.9693743e+00
   1.8080494e+00
   3.6152184e+00
   3.4778982e-01
