   2.5925000e+01
   3.8200000e+00
   2.4382500e+01
   1.4200000e+01
   2.8350000e+00
   7.8425000e+00
   9.9450000e+00
   3.4250000e-01
   1.2675000e+00
   1.8350000e+00
   1.1232500e+01
   2.9885000e+01
   2.4922500e+01
   2.7500000e+00
   1.4450000e+00
   8.8975000e+00
   1.4775000e+00
   4.4500000e+00
   4.0725000e+00
   8.1500000e-01
   1.4680000e+01
   5.0750000e-01
   8.1825000e+00
   7.6600000e+00
   8.7550000e+00
   5.5425000e+00
   1.2932500e+01
   3.4175000e+00
   1.1002500e+01
   1.7140000e+01
   1.9877500e+01
   1.5380000e+01
   8.8500000e-01
   1.4165000e+01
   1.1750000e+00
   2.3225000e+00
   5.7350000e+00
   9.7025000e+00
   1.0010000e+01
   6.7750000e-01
   1.5262500e+01
   6.4775000e+00
   3.5500000e-01
   7.9275000e+00
   3.5375000e+01
   4.6150000e+00
   9.7925000e+00
   1.0707500e+01
   3.0775000e+00
   1.0975000e+00
   2.6950000e+01
   3.4025000e+00
   8.7600000e+00
   1.2847500e+01
   1.5425000e+00
   6.1875000e+00
   7.2925000e+00
   7.9500000e-01
   1.8900000e+00
   3.1475000e+00
   1.7800000e+00
   1.4640000e+01
   5.3175000e+00
   1.0620000e+01
   2.2210000e+01
   5.9000000e-01
   7.8750000e-01
   1.5050000e+00
   1.5260000e+01
   2.7800000e+00
   6.3000000e-01
   1.1900000e+00
   6.9925000e+00
   9.7000000e-01
