   3.6367260e+00
   3.4267261e+00
   3.2698668e+00
   1.4852231e+00
   3.0193369e+00
   4.8657876e+00
   3.7956166e+00
   5.9708213e-01
   1.8796914e+00
   1.2192240e+00
   6.8729315e+00
   4.6619952e+00
   4.0409525e+00
   2.9267250e+00
   1.0448937e+00
   9.2877327e-01
   6.0238963e-01
   3.9299358e+00
   1.7661928e+00
   2.4676442e+00
   1.4428259e+00
   5.0336336e+00
   4.4781160e-01
   4.3453587e+00
   4.4894746e+00
   2.6874619e+00
   3.5811598e+00
   1.5075585e+00
   3.8127697e+00
   2.9944598e+00
   1.2939513e+00
   5.2744937e+00
   4.4064615e-01
   1.0867059e+00
   4.1139442e+00
   1.8062880e+00
   1.3061933e+00
   2.1079862e+00
   1.8238252e+00
   1.1834541e+00
   2.1646066e+00
   2.8113403e+00
   3.0544497e+00
   2.6809396e+00
   4.7666508e+00
   3.1518965e+00
   1.8333991e+00
   3.7809122e+00
   1.4306406e+00
   2.5187132e+00
   2.9370390e+00
   6.7443667e+00
   3.2311862e+00
   1.0155413e+00
   4.5191550e+00
   3.8847229e+00
   8.0186406e-01
   2.4417093e+00
   8.1758838e-01
   3.4733190e+00
   3.4714856e+00
   4.5353263e+00
   3.6741696e+00
   7.5272279e-01
   4.9827875e-01
   2.3594999e+00
   3.8736453e+00
   4.0291195e-01
   4.5149269e+00
   2.8237675e+00
   9.3198928e+00
   5.6700351e-01
   2.2496949e+00
   3.6944726e+00
   2.6666539e+00
   1.9190741e+00
   3.8752884e+00
   5.3033821e+00
   5.5626346e+00
   1.9065935e+00
   5.1468193e+00
   7.2690743e-01
   4.2453157e+00
   1.4538149e+00
   3.3662786e+00
   6.9977706e+00
   3.2897623e-01
   6.7632190e+00
   6.3580937e-01
   5.4545784e+00
   6.4079619e-01
   5.8632301e-01
   4.5702839e+00
   1.4036874e+00
   6.1685301e+00
   2.4009565e+00
   4.4424332e-01
   4.6861710e+00
