   7.6517920e+00
   2.9408297e+00
   2.9854107e-01
   6.3206862e+00
   8.0186406e-01
   1.2192240e+00
   3.1524014e+00
   5.9974175e-01
   4.4884109e+00
   3.0024217e+00
   2.6570874e+00
   7.1318116e+00
   4.2967399e-01
   6.9349435e+00
   6.9557963e-01
   2.9316151e-01
   4.7539459e-01
   1.2008096e+00
   7.6226168e+00
   4.6394089e+00
   7.0467256e-01
   2.4547110e+00
   5.9441061e-01
   7.5903945e-01
   4.7105607e+00
   2.9683021e+00
   1.6765072e+00
   5.8903122e-01
   7.4863089e+00
   2.4410574e+00
   3.7846988e-01
   3.5682482e-01
   4.9818292e+00
   6.7702750e-01
   4.1459298e-01
   1.7343669e+00
   5.8889610e+00
   6.0963811e+00
   4.8477643e+00
   7.1809610e-01
   5.0453188e+00
   8.2726432e-01
   2.0279457e+00
   8.9027615e-01
   3.7373035e+00
   5.8086873e+00
   3.9762359e+00
   1.0719602e+00
   5.8903122e-01
   3.1513915e+00
   4.4506656e+00
   1.1354096e+00
   7.0910798e+00
   2.0813932e+00
   3.3301526e+00
   7.4656588e+00
   2.1850969e+00
   4.3185387e+00
   3.1412747e-01
   1.7177697e+00
   3.1755405e+00
   5.8067690e+00
   1.8255696e+00
   2.4945858e+00
   8.1213910e+00
   4.7539459e-01
   4.7176506e+00
   2.9364970e+00
   2.3118008e+00
   4.5661031e+00
   2.6630705e+00
   6.7335028e+00
   5.5566230e-01
   4.2677502e+00
   4.8938365e+00
   3.8094288e+00
   5.5794898e+00
   3.8148562e+00
   3.7695296e+00
   4.4064615e-01
   3.8356594e+00
   3.2223079e+00
   2.1072311e+00
   4.4930182e+00
   2.9076297e+00
   2.6827200e+00
   3.2897623e-01
   4.0231900e+00
   5.4659460e+00
   5.2134903e+00
   8.5198231e+00
   3.5102387e+00
   6.1286676e-01
   6.0765078e-01
   4.4770496e+00
   6.6989050e+00
   4.8148218e+00
   3.0917383e+00
   5.8360224e-01
   5.6731219e+00
   5.4003289e+00
   5.0260395e+00
   3.9287207e+00
   4.7873074e-01
   7.9588735e-01
   3.6936109e+00
   4.7203487e-01
   4.7863099e+00
   2.1535494e+00
   2.6815332e+00
   4.3701937e-01
   1.0570088e+00
   3.4211481e+00
   1.2231339e+00
   6.0765078e-01
   2.5625637e+00
   3.8402210e+00
   9.8045696e-01
   4.4781160e-01
   4.4834439e+00
   1.8549744e+00
   4.7756574e+00
   6.3830765e-01
   5.3837996e+00
   3.8678889e-01
   3.6125760e-01
   3.7030784e+00
   3.9894228e-01
   5.8169013e+00
   2.2511094e+00
   3.0855548e+00
   2.0106058e+00
   2.0318659e+00
   3.1875463e+00
   1.3146949e+00
   3.7783857e+00
   9.5912229e-01
   6.5309666e-01
   4.3240632e+00
   4.7713230e+00
   5.9708213e-01
   4.8356017e+00
   3.1950271e+00
   6.1940206e+00
   2.9933966e+00
   2.7931658e+00
   1.8754531e+00
   4.5423394e+00
   4.0684289e-01
   1.7517155e+00
   5.7638531e+00
   3.7172345e+00
   4.9517078e+00
   1.6136217e+00
   1.6506764e+00
   1.1141852e+00
   5.0777063e-01
   3.4108982e+00
   9.1843410e-01
   4.3122690e+00
   1.0585135e+00
   5.9654878e+00
   7.0265957e+00
   2.7960134e+00
   2.5117528e+00
   4.0824877e+00
   6.4141681e+00
   3.9193922e+00
   3.1270561e+00
   4.1769085e+00
   4.0140810e+00
   7.6113336e-01
   3.4336858e+00
   4.7213601e+00
   1.9322978e+00
   4.5032791e+00
   1.8609706e+00
   4.5966738e+00
   3.2873425e+00
   1.9331213e+00
   6.9984528e+00
   7.1364965e-01
   4.4894746e+00
   4.2595379e-01
   3.4742353e+00
   1.0867059e+00
   9.1322062e-01
   5.6980355e-01
   1.0983599e+00
   6.3330124e-01
   6.6977169e+00
   1.1213046e+00
   6.1955621e+00
   5.9708213e-01
   5.7258989e-01
   3.4737772e+00
   8.1368579e-01
   4.6455796e+00
   4.0684289e-01
   3.7846988e-01
   3.7716401e+00
   4.7873074e-01
   2.7443054e+00
   5.5566230e-01
   5.8632301e-01
   1.5563863e+00
   4.6115381e+00
   4.2220082e-01
   2.5104852e+00
   4.3358254e+00
   6.6736736e+00
   3.5660174e+00
   4.0291195e-01
   4.9952289e+00
   6.4820448e-01
   3.7424103e-01
   3.5233628e-01
   8.3110315e-01
   7.7563244e-01
   4.5230273e+00
   3.9969955e+00
   3.3377906e-01
   5.1502197e+00
   3.3229761e+00
   4.8121767e+00
   8.2197601e+00
   5.6136155e-01
   4.8204379e-01
   7.2471464e-01
   1.4317527e+00
   4.9648683e+00
   4.3336224e-01
   3.0772909e+00
   4.2099281e+00
   4.1459298e-01
   4.8860251e-01
   1.0186708e+00
   8.5003732e-01
   6.6516971e-01
   7.6113336e-01
   7.2249317e+00
   6.4352246e+00
   3.4341493e+00
   2.2297983e+00
   4.2038750e+00
   3.7947779e+00
   6.8404352e-01
   2.7051699e+00
   5.6136155e-01
   3.2979765e+00
   3.7737494e+00
   5.0063680e+00
   4.2220082e-01
   6.0502592e-01
   8.2726432e-01
   4.2340539e+00
   3.9420665e+00
   4.9821486e+00
   9.7883234e-01
   4.1309313e+00
   5.7139343e+00
   5.0146267e-01
   9.6078024e-01
   5.9172703e-01
