   1.0387500e+01
   9.2225000e+00
   8.3975000e+00
   1.7325000e+00
   7.1600000e+00
   1.8595000e+01
   1.1315000e+01
   2.8000000e-01
   2.7750000e+00
   1.1675000e+00
   3.7100000e+01
   1.7070000e+01
   1.2825000e+01
   6.7275000e+00
   8.5750000e-01
   6.7750000e-01
   2.8500000e-01
   1.2130000e+01
   2.4500000e+00
   4.7825000e+00
   1.6350000e+00
   1.9900000e+01
   1.5750000e-01
   1.4830000e+01
   1.5830000e+01
   5.6725000e+00
   1.0072500e+01
   1.7850000e+00
   1.1417500e+01
   7.0425000e+00
   1.3150000e+00
   2.1850000e+01
   1.5250000e-01
   9.2750000e-01
   1.3292500e+01
   2.5625000e+00
   1.3400000e+00
   3.4900000e+00
   2.6125000e+00
   1.1000000e+00
   3.6800000e+00
   6.2075000e+00
   7.3275000e+00
   5.6450000e+00
   1.7845000e+01
   7.8025000e+00
   2.6400000e+00
   1.1227500e+01
   1.6075000e+00
   4.9825000e+00
   6.7750000e+00
   3.5725000e+01
   8.2000000e+00
   8.1000000e-01
   1.6040000e+01
   1.1852500e+01
   5.0500000e-01
   4.6825000e+00
   5.2500000e-01
   9.4750000e+00
   9.4650000e+00
   1.6155000e+01
   1.0602500e+01
   4.4500000e-01
   1.9500000e-01
   4.3725000e+00
   1.1785000e+01
   1.2750000e-01
   1.6010000e+01
   6.2625000e+00
   6.8220000e+01
   2.5250000e-01
   3.9750000e+00
   1.0720000e+01
   5.5850000e+00
   2.8925000e+00
   1.1795000e+01
   2.2090000e+01
   2.4302500e+01
   2.8550000e+00
   2.0805000e+01
   4.1500000e-01
   1.4155000e+01
   1.6600000e+00
   8.9000000e+00
   3.8460000e+01
   8.5000000e-02
   3.5925000e+01
   3.1750000e-01
   2.3367500e+01
   3.2250000e-01
   2.7000000e-01
   1.6405000e+01
   1.5475000e+00
   2.9885000e+01
   4.5275000e+00
   1.5500000e-01
   1.7247500e+01
