   5.5250000e-01
   2.0975000e+00
   5.4900000e+00
   2.1215000e+01
   1.5725000e+01
   5.4625000e+00
   1.3075000e+00
   1.7500000e-01
   8.9125000e+00
   1.5375000e+00
   7.7900000e+00
   1.7922500e+01
   6.0000000e-01
   2.4250000e-01
   2.5175000e+00
   5.5275000e+00
   3.6500000e+00
   1.2250000e-01
   2.1032500e+01
   1.0850000e+00
   1.4520000e+01
   7.1750000e+00
   3.4985000e+01
   3.1375000e+00
   1.6750000e-01
   3.1900000e+00
   6.0200000e+00
   1.1675000e+00
   3.5515000e+01
   2.5037500e+01
   2.3007500e+01
   1.8250000e-01
   6.5500000e+00
   2.9000000e+00
   3.9300000e+00
   1.0617500e+01
   1.4652500e+01
   5.1500000e+00
   5.7650000e+00
   9.4650000e+00
   7.9550000e+00
   1.8625000e+01
   2.5000000e-01
   9.2775000e+00
   1.1250000e-01
   2.8695000e+01
   9.7425000e+00
   1.4817500e+01
   2.1047500e+01
   5.7425000e+00
   1.3315000e+01
   2.9300000e+00
   7.6550000e+00
   1.8605000e+01
   1.0697500e+01
   1.4190000e+01
   4.2700000e+00
   9.1000000e-01
   1.0615000e+01
   4.8800000e+01
   2.0427500e+01
   4.4700000e+00
   1.0880000e+01
   1.0080000e+01
   2.5450000e+00
   4.3775000e+00
   7.2950000e+00
   9.8050000e+00
   1.1362500e+01
   8.9250000e+00
   1.7085000e+01
   1.3410000e+01
   1.1717500e+01
   1.5807500e+01
   1.1872500e+01
   1.5077500e+01
   2.9325000e+01
   3.0342500e+01
   2.5797500e+01
   8.1150000e+00
   3.0525000e+00
   8.7375000e+00
   1.2542500e+01
   3.5200000e+00
   5.5250000e+00
   1.0222500e+01
   1.1502500e+01
   3.0225000e+00
   4.0100000e+01
   9.7875000e+00
   3.6757500e+01
   6.2775000e+00
   1.3587500e+01
   3.6425000e+00
   1.4920000e+01
   4.0700000e+00
   2.1962500e+01
   1.7057500e+01
   8.1750000e+00
   6.7925000e+00
   7.6325000e+00
   5.2440000e+01
   4.6575000e+00
   5.2050000e+00
   1.9375000e+00
   8.4175000e+00
   1.1375000e+00
   8.7025000e+00
   1.5635000e+01
   2.2275000e+01
   2.8350000e+00
   4.2600000e+00
   5.4765000e+01
   1.1390000e+01
   1.5847500e+01
   1.6735000e+01
   7.7700000e+00
   5.5302500e+01
   4.2355000e+01
   1.8205000e+01
   2.0695000e+01
   8.3625000e+00
   1.7975000e+00
   9.9150000e+00
   8.6950000e+00
   2.0445000e+01
   1.8480000e+01
   1.1082500e+01
   7.1725000e+00
   1.1875000e+00
   4.1950000e+00
   2.5350000e+00
   2.1890000e+01
   5.3350000e+00
   7.9400000e+00
   4.7425000e+00
   4.1500000e+00
   1.9135000e+01
   1.0737500e+01
   2.1535000e+01
   2.9950000e+01
   1.1495000e+01
   9.1050000e+00
   2.6325000e+00
   1.3825000e+01
   1.8525000e+00
   3.4750000e-01
   1.1705000e+01
   1.2475000e+01
   3.7365000e+01
   8.0350000e+00
   1.0780000e+01
   2.4990000e+01
   4.8000000e-01
   4.0425000e+00
   4.8575000e+00
   5.7325000e+00
   4.4700000e+00
   1.2382500e+01
   1.2132500e+01
   6.7200000e+00
   5.7375000e+00
   9.7050000e+00
   2.3145000e+01
   2.9905000e+01
   1.0562500e+01
   1.5367500e+01
   9.3000000e+00
   1.6182500e+01
   7.8075000e+00
   5.8125000e+00
   1.6250000e-01
   8.2225000e+00
   1.4735000e+01
   1.7802500e+01
   1.4972500e+01
   8.8700000e+00
   1.6500000e-01
   8.6400000e+00
   1.2142500e+01
   2.0100000e+00
   7.3500000e+00
   2.0500000e+01
   1.2732500e+01
   4.5250000e-01
   1.6307500e+01
   7.2425000e+00
   1.5910000e+01
   3.2500000e+00
   3.1375000e+00
   2.4400000e+00
   1.6525000e+01
   1.1177500e+01
   3.6987500e+01
   1.3292500e+01
   7.5450000e+00
   7.0675000e+00
   8.9750000e-01
   1.7250000e+00
   5.5775000e+00
   5.0725000e+00
   2.9275000e+00
   8.6200000e+00
   7.7225000e+00
   1.5277500e+01
   3.8925000e+00
   1.0297500e+01
   2.9617500e+01
   6.0125000e+00
   2.1000000e-01
   1.4107500e+01
   2.9050000e+00
   2.6862500e+01
   7.3725000e+00
   5.0725000e+00
