   8.3872811e-01
   1.6342032e+00
   2.6438769e+00
   5.1972855e+00
   4.4745605e+00
   2.6372469e+00
   1.2902561e+00
   4.7203487e-01
   3.3686418e+00
   1.3991447e+00
   3.1493707e+00
   4.7769902e+00
   8.7403874e-01
   5.5566230e-01
   1.7903577e+00
   2.6528912e+00
   2.1557654e+00
   3.9493271e-01
   5.1748827e+00
   1.1753574e+00
   4.2997021e+00
   3.0224979e+00
   6.6741505e+00
   1.9986968e+00
   4.6180908e-01
   2.0153496e+00
   2.7685560e+00
   1.2192240e+00
   6.7245150e+00
   5.6461257e+00
   5.4123986e+00
   4.8204379e-01
   2.8878572e+00
   1.9215605e+00
   2.2369245e+00
   3.6767677e+00
   4.3192757e+00
   2.5606998e+00
   2.7092851e+00
   3.4714856e+00
   3.1825494e+00
   4.8697111e+00
   5.6418958e-01
   3.4369288e+00
   3.7846988e-01
   6.0444693e+00
   3.5220074e+00
   4.3435270e+00
   5.1767277e+00
   2.7039930e+00
   4.1174245e+00
   1.9314740e+00
   3.1219623e+00
   4.8670958e+00
   3.6905935e+00
   4.2505610e+00
   2.3316803e+00
   1.0764051e+00
   3.6763348e+00
   7.8825180e+00
   5.0999118e+00
   2.3856615e+00
   3.7219412e+00
   3.5824928e+00
   1.8001096e+00
   2.3608486e+00
   3.0476684e+00
   3.5332865e+00
   3.8035752e+00
   3.3710033e+00
   4.6640431e+00
   4.1320869e+00
   3.8625360e+00
   4.4862829e+00
   3.8879990e+00
   4.3814688e+00
   6.1104623e+00
   6.2155668e+00
   5.7311776e+00
   3.2143956e+00
   1.9714370e+00
   3.3354056e+00
   3.9961991e+00
   2.1170270e+00
   2.6522912e+00
   3.6077266e+00
   3.8269358e+00
   1.9617254e+00
   7.1454115e+00
   3.5301320e+00
   6.8411331e+00
   2.8271472e+00
   4.1593440e+00
   2.1535494e+00
   4.3585243e+00
   2.2764193e+00
   5.2880548e+00
   4.6602879e+00
   3.2262569e+00
   2.9408297e+00
   3.1173708e+00
   8.1712105e+00
   2.4351824e+00
   2.5743372e+00
   1.5706373e+00
   3.2737584e+00
   1.2034575e+00
   3.3287185e+00
   4.4617374e+00
   5.3255432e+00
   1.8999037e+00
   2.3289484e+00
   8.3503870e+00
   3.8081752e+00
   4.4919554e+00
   4.6160225e+00
   3.1453253e+00
   8.3912651e+00
   7.3435728e+00
   4.8144912e+00
   5.1331951e+00
   3.2630455e+00
   1.5128278e+00
   3.5530508e+00
   3.3272839e+00
   5.1020959e+00
   4.8507182e+00
   3.7564181e+00
   3.0219713e+00
   1.2296227e+00
   2.3111123e+00
   1.7965696e+00
   5.2793194e+00
   2.6062872e+00
   3.1795474e+00
   2.4573031e+00
   2.2986831e+00
   4.9359334e+00
   3.6974869e+00
   5.2363359e+00
   6.1752348e+00
   3.8256880e+00
   3.4048269e+00
   1.8307930e+00
   4.1955377e+00
   1.5357982e+00
   6.6516971e-01
   3.8604752e+00
   3.9854314e+00
   6.8974340e+00
   3.1985121e+00
   3.7047972e+00
   5.6407673e+00
   7.8176402e-01
   2.2687157e+00
   2.4869180e+00
   2.7016376e+00
   2.3856615e+00
   3.9706282e+00
   3.9303408e+00
   2.9250931e+00
   2.7028155e+00
   3.5152226e+00
   5.4285476e+00
   6.1705939e+00
   3.6672323e+00
   4.4234047e+00
   3.4410940e+00
   4.5391848e+00
   3.1529062e+00
   2.7204237e+00
   4.5486418e-01
   3.2356162e+00
   4.3314183e+00
   4.7609712e+00
   4.3661859e+00
   3.3606004e+00
   4.5834978e-01
   3.3167438e+00
   3.9319602e+00
   1.5997536e+00
   3.0591356e+00
   5.1089540e+00
   4.0263535e+00
   7.5903945e-01
   4.5566823e+00
   3.0366820e+00
   4.5008045e+00
   2.0342145e+00
   1.9986968e+00
   1.7625846e+00
   4.5869689e+00
   3.7724839e+00
   6.8625030e+00
   4.1139442e+00
   3.0994503e+00
   2.9997701e+00
   1.0689867e+00
   1.4820048e+00
   2.6648628e+00
   2.5413594e+00
   1.9306498e+00
   3.3129028e+00
   3.1356965e+00
   4.4104328e+00
   2.2262266e+00
   3.6209369e+00
   6.1408609e+00
   2.7668308e+00
   5.1708829e-01
   4.2381867e+00
   1.9232163e+00
   5.8482816e+00
   3.0638144e+00
   2.5413594e+00
