   6.0300000e+00
   1.0322500e+01
   8.3600000e+00
   6.0050000e+00
   2.3280000e+01
   2.7927500e+01
   1.5557500e+01
   4.5110000e+01
   6.1275000e+00
   1.7625000e+00
   5.0675000e+00
   4.1452500e+01
   1.3272500e+01
   1.6870000e+01
   1.9662500e+01
   7.7350000e+00
   1.2605000e+01
   1.9200000e+01
   5.7675000e+00
   1.8000000e-01
   6.7250000e-01
   5.2000000e-01
   2.1140000e+01
   2.0210000e+01
   2.5425000e+00
   2.4042500e+01
   1.0075000e+00
   1.9802500e+01
   8.0500000e+00
   2.3135000e+01
   2.6832500e+01
   2.3750000e+00
   7.3350000e+00
   1.1812500e+01
   1.9120000e+01
   1.7080000e+01
   6.6650000e+00
   1.6500000e-01
   1.4622500e+01
   1.5672500e+01
   3.1870000e+01
   1.7405000e+01
   6.0500000e-01
   1.8615000e+01
   2.0935000e+01
   8.9700000e+00
   8.4000000e-01
   4.9925000e+00
   2.4542500e+01
   2.9172500e+01
   2.0900000e+00
   1.5150000e+01
