   2.4088979e+00
   4.6885478e+00
   4.4165631e+00
   7.2286756e+00
   3.5233628e-01
   6.2058290e+00
   4.6111929e+00
   4.6373501e+00
   4.4402831e+00
   3.9794367e+00
   6.1579426e+00
   5.5405600e+00
   4.6049761e+00
   9.5023663e+00
   4.5395354e+00
   4.3347240e+00
   4.7193371e+00
   5.2624101e-01
   3.4724024e+00
   4.6438664e+00
   4.6807339e+00
   4.1466975e+00
   4.7649810e+00
   4.3093153e+00
   4.1750029e+00
   4.8441516e+00
   5.2247733e+00
   5.6697544e+00
   1.4809305e+00
   4.3405947e+00
   4.8641519e+00
   4.2257762e+00
   5.1678041e+00
   3.9120761e+00
   5.9812079e+00
   3.9694256e+00
   3.1086795e+00
   3.7964551e+00
   2.6178640e+00
   3.4234734e+00
   4.5848866e+00
   1.7670937e+00
   3.5660174e+00
   2.8333329e+00
   6.7563911e+00
   5.6778892e+00
   4.7041368e+00
   3.4484862e+00
   5.3443378e+00
   4.4752718e+00
   2.4862779e+00
   3.5624451e+00
   3.7172345e+00
   3.6187386e+00
   3.1275650e+00
   5.4144566e+00
   3.4234734e+00
   4.6236016e+00
   3.8497413e+00
   4.1589613e+00
   1.8915082e+00
   2.8512514e+00
   5.5333740e+00
   1.6410063e+00
   4.4478039e+00
   6.8395044e+00
   2.0050571e+00
   5.7467078e+00
   3.0798757e+00
   3.4387806e+00
   3.2537650e+00
   4.6236016e+00
   3.2873425e+00
   2.5212395e+00
   6.6171526e+00
   3.3320637e+00
   2.9752643e+00
   1.5827504e+00
   1.7075475e+00
   1.7056824e+00
   1.7787637e+00
   1.6991382e+00
   5.4073974e+00
   3.0721146e+00
   1.0262669e+01
   3.0937967e+00
   1.7389491e+00
   4.3887277e+00
   3.3439836e+00
   2.5712441e+00
   3.9031156e+00
   3.1245102e+00
   5.3621761e+00
   4.3596196e+00
   3.8377335e+00
   1.9641578e+00
   1.2126795e+00
   4.0247721e+00
   4.2971102e+00
   2.9902048e+00
   3.6663642e+00
   3.9149229e+00
   5.0566623e+00
   3.6489591e+00
   3.2907298e+00
   5.6545759e+00
   2.6160395e+00
   1.6244350e+00
   4.4024867e+00
   3.0523647e+00
   4.2171049e+00
   3.6445948e+00
   3.3917133e+00
   4.6671132e+00
   2.4779422e+00
   4.4681535e+00
   3.1619794e+00
   4.2140845e+00
   5.8851762e+00
   2.5532306e+00
   1.5543397e+00
   4.0208157e+00
   5.7944220e+00
   2.4319124e+00
   2.3480049e+00
   5.3508854e+00
   5.9336546e+00
   3.7998074e+00
   4.0433149e+00
   5.3306213e+00
   3.8707682e+00
   2.1034513e+00
   3.6410997e+00
   2.8383839e+00
   4.4359798e+00
   2.7828905e+00
   5.2384631e+00
   3.5025224e+00
   4.0692113e+00
   2.9191019e+00
   5.3240488e+00
   4.5089303e+00
   3.6892995e+00
   4.9715956e+00
   2.2025083e+00
   4.4699342e+00
   3.0690046e+00
   7.3127328e-01
   2.1974442e+00
   3.0809091e+00
   3.6511393e+00
   1.8618256e+00
   6.4889161e+00
   5.6840526e+00
   3.8773413e+00
   3.4710271e+00
   2.8484591e+00
   3.7441110e+00
   2.4869180e+00
   3.3411267e+00
   3.1402612e+00
   3.2829823e+00
   5.4241481e+00
   2.6154310e+00
   4.8697111e+00
   4.5507407e+00
   4.9381900e+00
   5.4071030e+00
   2.5631847e+00
   8.0067229e+00
   2.8355789e+00
   3.3827859e+00
   7.2874427e+00
   5.3499930e+00
   3.9124829e+00
   2.8495763e+00
   3.0606960e+00
   3.7424103e+00
   3.9469084e+00
   3.9734331e+00
   2.9240047e+00
   3.3177034e+00
   3.7796491e+00
   2.5319481e+00
   3.0340603e+00
   4.8961125e+00
   2.7564573e+00
   2.7806019e+00
   4.5089303e+00
   2.4115393e+00
   1.4636344e+00
   3.7317633e+00
