   5.7453229e+00
   2.2053968e+00
   5.5717828e+00
   4.2520585e+00
   1.8999037e+00
   3.1599654e+00
   3.5584220e+00
   6.6036698e-01
   1.2703665e+00
   1.5285269e+00
   3.7817540e+00
   6.1685301e+00
   5.6331441e+00
   1.8712052e+00
   1.3564038e+00
   3.3658058e+00
   1.3715726e+00
   2.3803185e+00
   2.2771184e+00
   1.0186708e+00
   4.3233270e+00
   8.0384642e-01
   3.2277364e+00
   3.1229817e+00
   3.3387441e+00
   2.6564883e+00
   4.0578529e+00
   2.0859761e+00
   3.7428356e+00
   4.6715443e+00
   5.0307871e+00
   4.4252033e+00
   1.0615164e+00
   4.2468151e+00
   1.2231339e+00
   1.7196217e+00
   2.7022266e+00
   3.5147698e+00
   3.5700319e+00
   9.2877327e-01
   4.4082671e+00
   2.8718303e+00
   6.7230948e-01
   3.1770437e+00
   6.7112479e+00
   2.4240463e+00
   3.5310336e+00
   3.6923180e+00
   1.9794935e+00
   1.1821085e+00
   5.8577987e+00
   2.0813932e+00
   3.3396974e+00
   4.0444956e+00
   1.4014179e+00
   2.8068077e+00
   3.0471461e+00
   1.0060941e+00
   1.5512649e+00
   2.0018795e+00
   1.5054456e+00
   4.3174329e+00
   2.6020091e+00
   3.6772006e+00
   5.3177674e+00
   8.6672448e-01
   1.0013372e+00
   1.3842780e+00
   4.4079060e+00
   1.8813840e+00
   8.9562320e-01
   1.2309163e+00
   2.9838109e+00
   1.1113246e+00
