   4.5985000e+01
   6.7925000e+00
   7.0000000e-02
   3.1377500e+01
   5.0500000e-01
   1.1675000e+00
   7.8050000e+00
   2.8250000e-01
   1.5822500e+01
   7.0800000e+00
   5.5450000e+00
   3.9947500e+01
   1.4500000e-01
   3.7772500e+01
   3.8000000e-01
   6.7500000e-02
   1.7750000e-01
   1.1325000e+00
   4.5635000e+01
   1.6905000e+01
   3.9000000e-01
   4.7325000e+00
   2.7750000e-01
   4.5250000e-01
   1.7427500e+01
   6.9200000e+00
   2.2075000e+00
   2.7250000e-01
   4.4017500e+01
   4.6800000e+00
   1.1250000e-01
   1.0000000e-01
   1.9492500e+01
   3.6000000e-01
   1.3500000e-01
   2.3625000e+00
   2.7237500e+01
   2.9190000e+01
   1.8457500e+01
   4.0500000e-01
   1.9992500e+01
   5.3750000e-01
   3.2300000e+00
   6.2250000e-01
   1.0970000e+01
   2.6500000e+01
   1.2417500e+01
   9.0250000e-01
   2.7250000e-01
   7.8000000e+00
   1.5557500e+01
   1.0125000e+00
   3.9492500e+01
   3.4025000e+00
   8.7100000e+00
   4.3775000e+01
   3.7500000e+00
   1.4647500e+01
   7.7500000e-02
   2.3175000e+00
   7.9200000e+00
   2.6482500e+01
   2.6175000e+00
   4.8875000e+00
   5.1802500e+01
   1.7750000e-01
   1.7480000e+01
   6.7725000e+00
   4.1975000e+00
   1.6375000e+01
   5.5700000e+00
   3.5610000e+01
   2.4250000e-01
   1.4305000e+01
   1.8810000e+01
   1.1397500e+01
   2.4450000e+01
   1.1430000e+01
   1.1160000e+01
   1.5250000e-01
   1.1555000e+01
   8.1550000e+00
   3.4875000e+00
   1.5855000e+01
   6.6400000e+00
   5.6525000e+00
   8.5000000e-02
   1.2712500e+01
   2.3465000e+01
   2.1347500e+01
   5.7010000e+01
   9.6775000e+00
   2.9500000e-01
   2.9000000e-01
   1.5742500e+01
   3.5245000e+01
   1.8207500e+01
   7.5075000e+00
   2.6750000e-01
   2.5277500e+01
   2.2905000e+01
   1.9840000e+01
   1.2122500e+01
   1.8000000e-01
   4.9750000e-01
   1.0715000e+01
   1.7500000e-01
   1.7992500e+01
   3.6425000e+00
   5.6475000e+00
   1.5000000e-01
   8.7750000e-01
   9.1925000e+00
   1.1750000e+00
   2.9000000e-01
   5.1575000e+00
   1.1582500e+01
   7.5500000e-01
   1.5750000e-01
   1.5787500e+01
   2.7025000e+00
   1.7912500e+01
   3.2000000e-01
   2.2765000e+01
   1.1750000e-01
   1.0250000e-01
   1.0770000e+01
   1.2500000e-01
   2.6575000e+01
   3.9800000e+00
   7.4775000e+00
   3.1750000e+00
   3.2425000e+00
   7.9800000e+00
   1.3575000e+00
   1.1212500e+01
   7.2250000e-01
   3.3500000e-01
   1.4685000e+01
   1.7880000e+01
   2.8000000e-01
   1.8365000e+01
   8.0175000e+00
   3.0132500e+01
   7.0375000e+00
   6.1275000e+00
   2.7625000e+00
   1.6205000e+01
   1.3000000e-01
   2.4100000e+00
   2.6092500e+01
   1.0852500e+01
   1.9257500e+01
   2.0450000e+00
   2.1400000e+00
   9.7500000e-01
   2.0250000e-01
   9.1375000e+00
   6.6250000e-01
   1.4605000e+01
   8.8000000e-01
   2.7950000e+01
   3.8777500e+01
   6.1400000e+00
   4.9550000e+00
   1.3090000e+01
   3.2312500e+01
   1.2065000e+01
   7.6800000e+00
   1.3702500e+01
   1.2655000e+01
   4.5500000e-01
   9.2600000e+00
   1.7507500e+01
   2.9325000e+00
   1.5927500e+01
   2.7200000e+00
   1.6595000e+01
   8.4875000e+00
   2.9350000e+00
   3.8467500e+01
   4.0000000e-01
   1.5830000e+01
   1.4250000e-01
   9.4800000e+00
   9.2750000e-01
   6.5500000e-01
   2.5500000e-01
   9.4750000e-01
   3.1500000e-01
   3.5232500e+01
   9.8750000e-01
   3.0147500e+01
   2.8000000e-01
   2.5750000e-01
   9.4775000e+00
   5.2000000e-01
   1.6950000e+01
   1.3000000e-01
   1.1250000e-01
   1.1172500e+01
   1.8000000e-01
   5.9150000e+00
   2.4250000e-01
   2.7000000e-01
   1.9025000e+00
   1.6702500e+01
   1.4000000e-01
   4.9500000e+00
   1.4765000e+01
   3.4980000e+01
   9.9875000e+00
   1.2750000e-01
   1.9597500e+01
   3.3000000e-01
   1.1000000e-01
   9.7500000e-02
   5.4250000e-01
   4.7250000e-01
   1.6067500e+01
   1.2547500e+01
   8.7500000e-02
   2.0832500e+01
   8.6725000e+00
   1.8187500e+01
   5.3065000e+01
   2.4750000e-01
   1.8250000e-01
   4.1250000e-01
   1.6100000e+00
   1.9360000e+01
   1.4750000e-01
   7.4375000e+00
   1.3920000e+01
   1.3500000e-01
   1.8750000e-01
   8.1500000e-01
   5.6750000e-01
   3.4750000e-01
   4.5500000e-01
   4.0997500e+01
   3.2525000e+01
   9.2625000e+00
   3.9050000e+00
   1.3880000e+01
   1.1310000e+01
   3.6750000e-01
   5.7475000e+00
   2.4750000e-01
   8.5425000e+00
   1.1185000e+01
   1.9685000e+01
   1.4000000e-01
   2.8750000e-01
   5.3750000e-01
   1.4080000e+01
   1.2205000e+01
   1.9495000e+01
   7.5250000e-01
   1.3402500e+01
   2.5642500e+01
   1.9750000e-01
   7.2500000e-01
   2.7500000e-01
