   7.0000000e+00
   4.2900000e+00
   4.6115000e+01
   3.9765000e+01
   4.2675000e+00
   3.3350000e+00
   1.9399000e+02
   1.7012500e+01
   5.9250000e-01
   1.0650000e+00
   1.4175000e+00
   2.6152500e+01
   8.6825000e+00
   9.0950000e+00
   1.3932500e+02
   2.5327500e+01
   1.1351000e+02
   9.8750000e-01
   2.9742500e+01
   1.1847250e+02
   3.6162500e+01
   1.5475000e+00
   1.0439250e+02
   6.2625000e+01
   1.0575000e+00
   2.9005000e+01
   1.4080000e+01
   6.7795000e+01
   1.4915000e+01
   4.8087500e+01
   4.8485000e+01
   3.3627500e+01
   3.6500000e-01
   9.4250000e-01
   1.2275000e+00
   3.3677500e+01
   6.0250000e-01
   1.9485000e+01
   5.1627500e+01
   6.2467500e+01
   4.4402500e+01
   6.9197500e+01
   1.0219000e+02
   9.5000000e-01
   1.6202500e+01
   4.6025000e+00
   1.4500000e-01
   1.2000000e-01
   1.8667500e+01
   1.3938500e+02
   1.0425000e+00
   3.9195000e+01
   2.2970000e+01
   6.2500000e-01
   1.0917500e+01
   1.5442500e+01
   9.2750000e-01
   1.4921750e+02
   6.7390000e+01
   1.2425000e+01
   8.9275000e+01
   1.1605000e+01
   1.2705000e+01
   2.0767500e+01
   6.1607500e+01
   2.4112500e+01
   1.7120000e+01
   3.0667500e+01
   2.3825000e+00
