   5.8697412e+00
   3.1980145e+00
   3.6563664e+00
   2.0404640e+00
   6.0746741e+00
   3.9946057e+00
   5.4297202e+00
   3.1950271e+00
   4.9996875e+00
   9.9103237e+00
   1.3718975e+01
   1.9380549e+00
   1.1329539e+01
   2.6390567e+00
   1.2192240e+00
   1.0837728e+00
   4.1139442e+00
   1.5937732e+00
   2.9026992e+00
   1.6263933e+00
   1.0764051e+00
   3.9710291e+00
   1.9843118e+00
   2.3642169e+00
   3.9742341e+00
   9.5549799e+00
   9.6544032e+00
   2.6299950e+00
   7.6420099e+00
   7.9187782e-01
   1.7480320e+01
   2.9467768e+00
   3.8509814e+00
   4.0968867e+00
   9.5078919e-01
   3.1624827e+00
   3.0093049e+00
   9.5734511e+00
   1.6897454e+00
   2.9483967e+00
   2.9054394e+00
   1.4625466e+00
   4.2114400e+00
   1.5675944e+00
   2.9886076e+00
   7.0749014e+00
   5.0871007e+00
   3.2868583e+00
   9.6902743e-01
   5.8281084e+00
   5.3431464e+00
   3.2994239e+00
   1.0856509e+01
   2.3507147e+00
   2.0513548e+00
   6.5151073e+00
   2.9500156e+00
   7.6503359e+00
   1.4161046e+00
   6.8259945e+00
   8.5563587e-01
   1.6831393e+00
   1.0793582e+00
   8.5749393e-01
   3.9149229e+00
   4.5000972e+00
   4.9074765e+00
   6.0830522e+00
   4.0295145e+00
   2.2290844e+00
   2.5344612e+00
   3.5709234e+00
   3.2887946e+00
   3.4710271e+00
   2.4721549e+00
   1.2243694e+01
   6.2553844e+00
   3.0943111e+00
