   2.9854107e+00
   2.3371345e+00
   7.6626002e+00
   7.1155021e+00
   2.3309976e+00
   2.0606440e+00
   1.5716098e+01
   4.6541366e+00
   8.6855882e-01
   1.1644742e+00
   1.3434348e+00
   5.7704763e+00
   3.3248913e+00
   3.4029566e+00
   1.3318938e+01
   5.6787300e+00
   1.2021873e+01
   1.1213046e+00
   6.1538059e+00
   1.2281851e+01
   6.7855379e+00
   1.4036874e+00
   1.1528949e+01
   8.9295367e+00
   1.1603667e+00
   6.0770316e+00
   4.2340539e+00
   9.2908167e+00
   4.3577939e+00
   7.8247624e+00
   7.8570363e+00
   6.5433831e+00
   6.8171287e-01
   1.0954580e+00
   1.2501606e+00
   6.5482459e+00
   8.7585777e-01
   4.9808707e+00
   8.1076615e+00
   8.9183009e+00
   7.5189772e+00
   9.3864260e+00
   1.1406680e+01
   1.0998080e+00
   4.5419890e+00
   2.4207612e+00
   4.2967399e-01
   3.9088201e-01
   4.8752640e+00
   1.3321805e+01
   1.1521077e+00
   7.0643205e+00
   5.4079860e+00
   8.9206206e-01
   3.7283499e+00
   4.4341856e+00
   1.0867059e+00
   1.3783672e+01
   9.2630240e+00
   3.9774365e+00
   1.0661541e+01
   3.8439491e+00
   4.0220030e+00
   5.1421787e+00
   8.8566983e+00
   5.5408473e+00
   4.6688179e+00
   6.2487658e+00
   1.7416926e+00
