   1.2990000e+02
   3.1345000e+01
   4.0775000e+00
   1.3750000e+00
   4.6475000e+00
   4.0875000e+00
   6.8775000e+00
   3.3982500e+01
   9.2250000e-01
   1.5820000e+01
   2.4050000e+00
   4.8425000e+00
   3.1800000e+00
   8.8250000e-01
   9.3755000e+01
   3.4012500e+01
   7.6350000e+00
   3.0725000e+00
   7.5725000e+00
   2.5507500e+01
   6.3902500e+01
   2.9475000e+00
   2.9575000e+00
   1.9735000e+01
   4.3415000e+01
   8.0950000e+01
   2.9450000e+00
   2.7600000e+00
   1.0730000e+01
   1.1900000e+00
   1.4607500e+01
   4.2495000e+01
   9.8700000e+00
   7.0250000e-01
   5.3415000e+01
   3.9775000e+00
   2.1825000e+00
   3.1475000e+00
   3.4750000e-01
   9.9750000e-01
   6.6880000e+01
   2.7505000e+01
   1.9325000e+00
   1.5500000e+00
   1.7350000e+00
   2.5665000e+01
   8.0445000e+01
   4.4325000e+00
   3.1800000e+00
   2.2350000e+00
   7.6350000e+01
   8.6950000e+00
   1.5730250e+02
   1.4625000e+00
   4.2555000e+01
   1.3467500e+01
   1.1950000e+00
   4.0375000e+00
   9.4717500e+01
   1.1775000e+00
   1.1901000e+02
   2.2755000e+01
   2.2200000e+00
   9.9325000e+00
   1.3350000e+00
   1.0110000e+01
   1.6841000e+02
   1.5074250e+02
   8.6475000e+00
   1.8870250e+02
   7.2250000e-01
   6.8475000e+00
   1.9175000e+00
