   1.6622063e+00
   2.6093387e+00
   2.3405369e+00
   2.1498511e+00
   1.1479560e+00
   2.8124723e+00
   1.0414304e+01
   3.1066309e+00
   1.9065935e+00
   1.6439133e+00
   2.1267777e+00
   4.9693542e+00
   1.5409710e+00
   1.0808318e+00
   1.1141852e+00
   1.5584301e+00
   3.4737772e+00
   1.6622063e+00
   6.3510809e+00
   1.6076928e+00
   2.0098140e+00
   3.4155611e+00
   5.9344592e+00
   1.3645926e+00
   8.5847707e+00
   6.6715269e+00
   1.6982013e+00
   4.6256665e+00
   1.7607778e+00
   1.7994552e+01
   1.4538149e+00
   3.9581830e+00
   1.5837556e+00
   1.8660949e+00
   2.9381225e+00
   2.1424352e+00
   1.6361498e+00
   2.1579791e+00
   8.5190759e-01
   7.3919602e+00
   3.9918157e+00
   3.4457160e+00
   2.9429937e+00
   2.3452921e+00
   4.0801479e+00
   3.7551469e+00
   1.2628272e+00
   1.8036427e+00
   5.5883256e+00
   6.4722161e+00
   3.8223584e+00
   1.0733401e+01
   3.8920904e+00
   4.5925171e+00
   4.6435236e+00
   1.0989828e+01
   4.0212115e+00
   1.1423968e+00
   2.1140177e+00
   5.3473149e+00
   5.1400117e-01
   7.3344646e-01
   2.6013974e+00
   5.8297467e+00
   5.0057321e+00
   5.7536274e-01
   1.7453440e+00
   8.3872811e-01
   2.0349967e+00
   5.1696516e+00
   1.0585135e+00
   2.5964983e+00
   3.9666179e+00
   2.7116339e+00
   6.1940206e+00
   1.7796582e+00
   3.6780661e+00
   3.5079710e+00
   1.4549858e+01
   1.7094106e+00
   1.4217130e+00
   3.5147698e+00
   4.2572955e+00
   5.2073812e+00
   3.3530143e+00
   5.7845255e+00
   3.0814256e+00
   4.8853736e+00
   1.4690613e+00
   2.1843684e+00
   2.8751535e+00
   1.2450579e+00
   2.0867389e+00
   3.4211481e+00
   1.3638692e+01
   6.5385167e+00
   3.5615515e+00
   1.5947715e+00
   2.0890257e+00
   6.0799118e+00
   9.9655750e-01
   1.0998080e+00
   4.9763952e+00
   7.9187782e-01
   1.0341766e+00
   9.2705808e-01
   1.0734439e+00
   1.1548673e+00
   1.1326027e+00
   1.2360774e+00
