   2.1988923e+00
   4.8477643e+00
   2.6450806e+00
   4.8128381e+00
   7.7671921e+00
   4.1247622e+00
   3.0865863e+00
   5.7599861e+00
   2.4482188e+00
   1.7453440e+00
   1.0083695e+01
   9.4575408e-01
   1.3267455e+00
   1.3001602e+01
   1.0799626e+01
   1.4208171e+01
   2.2454462e+00
   3.7901616e+00
   1.4250674e+00
   3.2965284e+00
   4.3321531e+00
   3.6332232e+00
   2.0295147e+00
   9.3048530e-01
   3.9116692e+00
   5.3523723e-01
   9.3389993e-01
   1.3847263e+01
   1.3669232e+00
   5.8691989e+00
   8.7767302e-01
   1.7805523e+00
   2.3642169e+00
   1.2244344e+00
   1.4135511e+01
   3.4071633e+00
   3.7771218e+00
   1.1821085e+00
   1.4354052e+01
   9.7733531e+00
   1.4025531e+00
   2.5532306e+00
   2.3412168e+00
   4.5135167e-01
   4.9827875e-01
   3.3935898e+00
   4.7839817e+00
   1.7598736e+00
   3.9553674e+00
   2.1996159e+00
   3.0927677e+00
   2.6245430e+00
   2.4676442e+00
   4.1788133e+00
   5.1622576e+00
   2.3783117e+00
   2.4856377e+00
   4.4972670e+00
   1.5015395e+01
   1.4228320e+00
   1.4679775e+00
   1.8062880e+00
   9.3908335e+00
   4.4520958e+00
   1.1437892e+00
   5.2512080e+00
   8.9872762e+00
   2.5344612e+00
   5.9929045e+00
   1.2437789e+00
   7.9826347e+00
   5.2952732e+00
   3.5811598e+00
   5.1164250e+00
   2.9130983e+00
