   7.5875000e+00
   1.4997500e+01
   5.9450000e+00
   1.4975000e+00
   1.5700000e+00
   3.5925000e+00
   7.5200000e+00
   1.4902500e+01
   1.7675000e+01
   1.3625000e+00
   2.8212500e+01
   1.1725000e+00
   7.9750000e+00
   2.7085000e+01
   1.3837500e+01
   2.7632500e+01
   4.1375000e+00
   1.5021000e+02
   2.7575000e+01
   2.0442500e+01
   2.0940000e+01
   1.7390000e+01
   3.4750000e-01
   8.8125000e+00
   1.5760000e+01
   1.7923750e+02
   3.5750000e-01
   3.8750000e-01
   2.4875000e+00
   1.6450000e+00
   2.4820000e+01
   1.8542500e+01
   2.0500000e+00
   1.7450000e+01
   7.3395000e+01
   7.8750000e-01
   5.8000000e-01
   1.5750000e+00
   5.7310000e+01
   6.0000000e-01
   1.3292500e+01
   4.6500000e-01
   1.5972500e+01
   1.3120000e+01
   7.7750000e-01
   5.6250000e-01
   9.6925000e+00
   1.0232500e+01
   9.4000000e-01
   2.3745000e+01
   1.5992500e+01
   1.6568000e+02
   3.2250000e-01
   1.0750000e+00
   4.7000000e-01
   3.7015000e+01
   2.9250000e-01
   1.1006250e+02
   4.0000000e-01
   1.2750000e-01
   4.4475000e+00
   2.2250000e-01
   1.3050000e+00
   3.8675000e+00
   9.0750000e-01
   1.5250000e+00
   3.6000000e-01
   3.3750000e-01
   6.5750000e-01
   1.8435000e+01
   1.1775000e+00
   4.9560000e+01
   1.0095000e+01
   8.7615000e+01
   2.1115000e+01
   3.0750000e-01
   1.3950000e+00
   1.0200000e+00
   7.2175000e+00
   9.0250000e-01
   6.5517500e+01
   3.9862500e+01
   1.0600000e+00
   3.1175000e+00
   1.3525000e+00
   1.9510000e+01
   2.2500000e-01
   4.2250000e-01
   1.5527500e+01
   1.8325000e+01
   1.7530000e+01
   1.6560000e+02
   1.9750000e-01
   3.0500000e-01
   4.5905000e+01
   1.7000000e-01
   1.1795000e+02
   1.1500000e-01
   2.1750000e-01
   4.0275000e+00
   1.4750000e-01
   1.6157500e+01
   9.6975000e+00
   2.7225000e+00
   1.5800000e+01
   2.2380000e+01
   5.2350000e+00
   8.8250000e-01
   7.4215000e+01
   1.2325000e+00
   5.4550000e+00
   3.5465000e+01
   4.9725000e+00
   4.9027500e+01
   1.9455000e+01
   1.6400000e+00
   1.2497500e+01
   1.3675000e+00
   1.1725000e+00
   6.7175000e+00
   1.5100000e+00
   1.0825000e+00
   1.5075000e+00
   1.9150000e+00
   1.3090000e+01
   8.4550000e+00
   1.1150000e+00
