   2.7060000e+01
   8.0325000e+00
   1.0500000e+01
   3.2700000e+00
   2.8982500e+01
   1.2532500e+01
   2.3155000e+01
   8.0175000e+00
   1.9632500e+01
   7.7137500e+01
   1.4782000e+02
   2.9500000e+00
   1.0081250e+02
   5.4700000e+00
   1.1675000e+00
   9.2250000e-01
   1.3292500e+01
   1.9950000e+00
   6.6175000e+00
   2.0775000e+00
   9.1000000e-01
   1.2385000e+01
   3.0925000e+00
   4.3900000e+00
   1.2405000e+01
   7.1705000e+01
   7.3205000e+01
   5.4325000e+00
   4.5867500e+01
   4.9250000e-01
   2.3998750e+02
   6.8200000e+00
   1.1647500e+01
   1.3182500e+01
   7.1000000e-01
   7.8550000e+00
   7.1125000e+00
   7.1982500e+01
   2.2425000e+00
   6.8275000e+00
   6.6300000e+00
   1.6800000e+00
   1.3930000e+01
   1.9300000e+00
   7.0150000e+00
   3.9312500e+01
   2.0325000e+01
   8.4850000e+00
   7.3750000e-01
   2.6677500e+01
   2.2422500e+01
   8.5500000e+00
   9.2570000e+01
   4.3400000e+00
   3.3050000e+00
   3.3337500e+01
   6.8350000e+00
   4.5967500e+01
   1.5750000e+00
   3.6595000e+01
   5.7500000e-01
   2.2250000e+00
   9.1500000e-01
   5.7750000e-01
   1.2037500e+01
   1.5905000e+01
   1.8915000e+01
   2.9062500e+01
   1.2752500e+01
   3.9025000e+00
   5.0450000e+00
   1.0015000e+01
   8.4950000e+00
   9.4625000e+00
   4.8000000e+00
   1.1773750e+02
   3.0732500e+01
   7.5200000e+00
