   3.1081675e+00
   4.3698295e+00
   2.7512559e+00
   1.3808245e+00
   1.4138550e+00
   2.1387176e+00
   3.0943111e+00
   4.3559674e+00
   4.7438918e+00
   1.3171138e+00
   5.9934356e+00
   1.2218320e+00
   3.1865476e+00
   5.8724520e+00
   4.1974340e+00
   5.9315084e+00
   2.2952186e+00
   1.3829436e+01
   5.9253338e+00
   5.1017839e+00
   5.1634907e+00
   4.7054900e+00
   6.6516971e-01
   3.3496901e+00
   4.4795374e+00
   1.5106696e+01
   6.7467261e-01
   7.0241037e-01
   1.7796582e+00
   1.4472315e+00
   5.6215483e+00
   4.8589139e+00
   1.6155931e+00
   4.7136005e+00
   9.6669238e+00
   1.0013372e+00
   8.5934797e-01
   1.4161046e+00
   8.5422104e+00
   8.7403874e-01
   4.1139442e+00
   7.6945201e-01
   4.5096362e+00
   4.0871632e+00
   9.9495917e-01
   8.4628438e-01
   3.5129581e+00
   3.6094908e+00
   1.0940042e+00
   5.4984610e+00
   4.5124587e+00
   1.4524129e+01
   6.4079619e-01
   1.1699284e+00
   7.7357778e-01
   6.8650537e+00
   6.1026434e-01
   1.1837902e+01
   7.1364965e-01
   4.0291195e-01
   2.3796497e+00
   5.3225539e-01
   1.2890220e+00
   2.2190660e+00
   1.0749255e+00
   1.3934455e+00
   6.7702750e-01
   6.5552906e-01
   9.1496175e-01
   4.8448087e+00
   1.2244344e+00
   7.9436611e+00
   3.5851573e+00
   1.0561954e+01
   5.1850220e+00
   6.2571652e-01
   1.3327300e+00
   1.1396071e+00
   3.0314364e+00
   1.0719602e+00
   9.1334261e+00
   7.1242201e+00
   1.1617375e+00
   1.9923163e+00
   1.3122715e+00
   4.9840650e+00
   5.3523723e-01
   7.3344646e-01
   4.4463723e+00
   4.8303328e+00
   4.7243930e+00
   1.4520622e+01
   5.0146267e-01
   6.2316776e-01
   7.6451332e+00
   4.6524265e-01
   1.2254738e+01
   3.8265199e-01
   5.2624101e-01
   2.2645027e+00
   4.3336224e-01
   4.5356772e+00
   3.5138640e+00
   1.8618256e+00
   4.4852185e+00
   5.3380803e+00
   2.5817453e+00
   1.0600160e+00
   9.7207753e+00
   1.2527042e+00
   2.6354358e+00
   6.7197798e+00
   2.5161843e+00
   7.9008703e+00
   4.9770348e+00
   1.4450304e+00
   3.9890238e+00
   1.3195284e+00
   1.2218320e+00
   2.9245490e+00
   1.3865755e+00
   1.1740025e+00
   1.3854272e+00
   1.5614909e+00
   4.0824877e+00
   3.2810426e+00
   1.1914957e+00
