   2.1700000e+00
   5.3475000e+00
   4.3025000e+00
   3.6300000e+00
   1.0350000e+00
   6.2125000e+00
   8.5182500e+01
   7.5800000e+00
   2.8550000e+00
   2.1225000e+00
   3.5525000e+00
   1.9395000e+01
   1.8650000e+00
   9.1750000e-01
   9.7500000e-01
   1.9075000e+00
   9.4775000e+00
   2.1700000e+00
   3.1680000e+01
   2.0300000e+00
   3.1725000e+00
   9.1625000e+00
   2.7660000e+01
   1.4625000e+00
   5.7882500e+01
   3.4957500e+01
   2.2650000e+00
   1.6805000e+01
   2.4350000e+00
   2.5431500e+02
   1.6600000e+00
   1.2305000e+01
   1.9700000e+00
   2.7350000e+00
   6.7800000e+00
   3.6050000e+00
   2.1025000e+00
   3.6575000e+00
   5.7000000e-01
   4.2915000e+01
   1.2515000e+01
   9.3250000e+00
   6.8025000e+00
   4.3200000e+00
   1.3075000e+01
   1.1075000e+01
   1.2525000e+00
   2.5550000e+00
   2.4527500e+01
   3.2900000e+01
   1.1475000e+01
   9.0482500e+01
   1.1897500e+01
   1.6565000e+01
   1.6935000e+01
   9.4857500e+01
   1.2700000e+01
   1.0250000e+00
   3.5100000e+00
   2.2457500e+01
   2.0750000e-01
   4.2250000e-01
   5.3150000e+00
   2.6692500e+01
   1.9680000e+01
   2.6000000e-01
   2.3925000e+00
   5.5250000e-01
   3.2525000e+00
   2.0990000e+01
   8.8000000e-01
   5.2950000e+00
   1.2357500e+01
   5.7750000e+00
   3.0132500e+01
   2.4875000e+00
   1.0625000e+01
   9.6650000e+00
   1.6626750e+02
   2.2950000e+00
   1.5875000e+00
   9.7025000e+00
   1.4235000e+01
   2.1297500e+01
   8.8300000e+00
   2.6280000e+01
   7.4575000e+00
   1.8745000e+01
   1.6950000e+00
   3.7475000e+00
   6.4925000e+00
   1.2175000e+00
   3.4200000e+00
   9.1925000e+00
   1.4609500e+02
   3.3577500e+01
   9.9625000e+00
   1.9975000e+00
   3.4275000e+00
   2.9032500e+01
   7.8000000e-01
   9.5000000e-01
   1.9450000e+01
   4.9250000e-01
   8.4000000e-01
   6.7500000e-01
   9.0500000e-01
   1.0475000e+00
   1.0075000e+00
   1.2000000e+00
