   1.2860553e+01
   6.3174119e+00
   2.2785158e+00
   1.3231419e+00
   2.4325667e+00
   2.2813081e+00
   2.9591730e+00
   6.5778312e+00
   1.0837728e+00
   4.4880563e+00
   1.7498975e+00
   2.4830752e+00
   2.0121883e+00
   1.0600160e+00
   1.0925776e+01
   6.5807340e+00
   3.1178813e+00
   1.9778849e+00
   3.1050936e+00
   5.6988734e+00
   9.0201547e+00
   1.9372335e+00
   1.9405169e+00
   5.0127221e+00
   7.4348971e+00
   1.0152278e+01
   1.9364117e+00
   1.8746043e+00
   3.6961954e+00
   1.2309163e+00
   4.3126380e+00
   7.3556995e+00
   3.5449787e+00
   9.4575408e-01
   8.2468230e+00
   2.2504023e+00
   1.6669869e+00
   2.0018795e+00
   6.6516971e-01
   1.1269678e+00
   9.2279066e+00
   5.9178082e+00
   1.5686094e+00
   1.4048207e+00
   1.4862943e+00
   5.7164406e+00
   1.0120561e+01
   2.3756334e+00
   2.0121883e+00
   1.6869174e+00
   9.8596064e+00
   3.3272839e+00
   1.4152165e+01
   1.3645926e+00
   7.3608905e+00
   4.1409363e+00
   1.2334996e+00
   2.2673122e+00
   1.0981715e+01
   1.2244344e+00
   1.2309681e+01
   5.3826170e+00
   1.6812471e+00
   3.5561850e+00
   1.3037541e+00
   3.5878199e+00
   1.4643301e+01
   1.3853928e+01
   3.3181831e+00
   1.5500435e+01
   9.5912229e-01
   2.9527119e+00
   1.5625098e+00
