   3.7975000e+00
   1.8457500e+01
   5.4950000e+00
   1.8192500e+01
   4.7382500e+01
   1.3362500e+01
   7.4825000e+00
   2.6057500e+01
   4.7075000e+00
   2.3925000e+00
   7.9860000e+01
   7.0250000e-01
   1.3825000e+00
   1.3276500e+02
   9.1602500e+01
   1.5855000e+02
   3.9600000e+00
   1.1282500e+01
   1.5950000e+00
   8.5350000e+00
   1.4740000e+01
   1.0367500e+01
   3.2350000e+00
   6.8000000e-01
   1.2017500e+01
   2.2500000e-01
   6.8500000e-01
   1.5059750e+02
   1.4675000e+00
   2.7055000e+01
   6.0500000e-01
   2.4900000e+00
   4.3900000e+00
   1.1775000e+00
   1.5693250e+02
   9.1175000e+00
   1.1205000e+01
   1.0975000e+00
   1.6182250e+02
   7.5020000e+01
   1.5450000e+00
   5.1200000e+00
   4.3050000e+00
   1.6000000e-01
   1.9500000e-01
   9.0450000e+00
   1.7975000e+01
   2.4325000e+00
   1.2287500e+01
   3.8000000e+00
   7.5125000e+00
   5.4100000e+00
   4.7825000e+00
   1.3715000e+01
   2.0930000e+01
   4.4425000e+00
   4.8525000e+00
   1.5885000e+01
   1.7707750e+02
   1.5900000e+00
   1.6925000e+00
   2.5625000e+00
   6.9262500e+01
   1.5567500e+01
   1.0275000e+00
   2.1657500e+01
   6.3437500e+01
   5.0450000e+00
   2.8207500e+01
   1.2150000e+00
   5.0047500e+01
   2.2022500e+01
   1.0072500e+01
   2.0560000e+01
   6.6650000e+00
