   2.1350000e+01
   8.6350000e+00
   8.8185000e+01
   3.5012500e+01
   7.4975000e+00
   2.8670000e+01
   4.2757500e+01
   2.0857500e+01
   1.1162500e+01
   1.4647500e+01
   5.8492500e+01
   1.5682500e+01
   9.5950000e+00
   9.9500000e+00
   9.9450000e+00
   1.3862500e+01
   6.9725000e+00
   4.6552500e+01
   2.0885000e+01
   1.7857500e+01
   2.2555000e+01
   2.2250000e-01
   7.7450000e+00
   2.2000000e-01
   1.4000000e-01
   3.1180000e+01
   4.2250000e-01
   1.5750000e-01
   1.4027500e+01
   1.4192500e+01
   2.5085000e+01
   1.1807500e+01
   2.7987500e+01
   4.2305000e+01
   2.6107500e+01
   1.8552500e+01
   8.6575000e+00
   1.5390000e+01
   1.6432500e+01
   4.4100000e+00
   1.3540000e+01
   1.1415000e+01
   3.0180000e+01
   1.1262500e+01
   3.3847500e+01
   1.5245000e+01
   1.0712500e+01
   1.0945000e+01
   1.4222500e+01
   7.5565000e+01
   8.3600000e+00
   1.4115000e+01
   2.5080000e+01
   2.7285000e+01
   1.3860000e+01
   1.1185000e+01
   7.7400000e+00
   7.1600000e+00
   6.3475000e+00
   1.1370000e+01
   6.6425000e+00
   1.0362500e+01
   1.7410000e+01
   8.5260000e+01
   1.2727500e+01
   1.9190000e+01
   2.4970000e+01
   7.1025000e+00
   5.1075000e+00
   7.4375000e+00
   6.2450000e+00
   1.2317500e+01
   2.3822500e+01
   1.8390000e+01
   6.3225000e+00
   6.8975000e+00
   1.9095000e+01
   4.1775000e+00
   3.4532500e+01
   8.6675000e+00
   1.3175000e+01
   1.3640000e+01
   2.3772500e+01
   1.0630000e+01
   2.9180000e+01
   1.7050000e+01
   3.8927500e+01
   4.6475000e+01
   5.3550000e+00
   9.8100000e+00
   3.8722500e+01
   6.7420000e+01
   8.7475000e+00
   1.0857500e+01
   1.7875000e+01
   1.8212500e+01
   2.9950000e+00
   2.2200000e+01
   2.1155000e+01
   2.2460000e+01
   9.8775000e+00
   1.3720000e+01
   6.7050000e+00
   1.2692750e+02
   1.2927500e+01
   1.1440000e+01
   4.0875000e+00
   6.5325000e+00
   1.0372500e+01
   8.6600000e+00
   2.5922500e+01
   1.1325000e+01
   9.1300000e+00
   1.4495000e+01
   1.1497500e+01
   1.0507500e+01
   8.1625000e+00
   2.2410000e+01
   3.3780000e+01
   1.1925000e+00
   1.3640000e+01
   1.2587500e+01
   3.7000000e-01
   3.6500000e-01
   4.2750000e-01
   1.2242500e+01
