   5.2137956e+00
   3.3157840e+00
   1.0596255e+01
   6.6767731e+00
   3.0896785e+00
   6.0418356e+00
   7.3783833e+00
   5.1533090e+00
   3.7699518e+00
   4.3185387e+00
   8.6298878e+00
   4.4685097e+00
   3.4952444e+00
   3.5593164e+00
   3.5584220e+00
   4.2012240e+00
   2.9795407e+00
   7.6988625e+00
   5.1567051e+00
   4.7683200e+00
   5.3589101e+00
   5.3225539e-01
   3.1402612e+00
   5.2925674e-01
   4.2220082e-01
   6.3007626e+00
   7.3344646e-01
   4.4781160e-01
   4.2261528e+00
   4.2509355e+00
   5.6514789e+00
   3.8773413e+00
   5.9694884e+00
   7.3392369e+00
   5.7655096e+00
   4.8602239e+00
   3.3201011e+00
   4.4266417e+00
   4.5741129e+00
   2.3695963e+00
   4.1520674e+00
   3.8123522e+00
   6.1989007e+00
   3.7868008e+00
   6.5647525e+00
   4.4057391e+00
   3.6931800e+00
   3.7330426e+00
   4.2554259e+00
   9.8087892e+00
   3.2625577e+00
   4.2393132e+00
   5.6509157e+00
   5.8940937e+00
   4.2008452e+00
   3.7737494e+00
   3.1392474e+00
   3.0193369e+00
   2.8428662e+00
   3.8048303e+00
   2.9081770e+00
   3.6323470e+00
   4.7081950e+00
   1.0419040e+01
   4.0255629e+00
   4.9430220e+00
   5.6385097e+00
   3.0071887e+00
   2.5501120e+00
   3.0772909e+00
   2.8198193e+00
   3.9601929e+00
   5.5074267e+00
   4.8388919e+00
   2.8372622e+00
   2.9634726e+00
   4.9307717e+00
   2.3062867e+00
   6.6308480e+00
   3.3220180e+00
   4.0957211e+00
   4.1673718e+00
   5.5016440e+00
   3.6789314e+00
   6.0953367e+00
   4.6592633e+00
   7.0401728e+00
   7.6924514e+00
   2.6111679e+00
   3.5341873e+00
   7.0216108e+00
   9.2650855e+00
   3.3373137e+00
   3.7180907e+00
   4.7706558e+00
   4.8154829e+00
   1.9527807e+00
   5.3165701e+00
   5.1899309e+00
   5.3476126e+00
   3.5463254e+00
   4.1795749e+00
   2.9218267e+00
   1.2712557e+01
   4.0570684e+00
   3.8165246e+00
   2.2813081e+00
   2.8839968e+00
   3.6340992e+00
   3.3205804e+00
   5.7450459e+00
   3.7972935e+00
   3.4094981e+00
   4.2959990e+00
   3.8261040e+00
   3.6576720e+00
   3.2237894e+00
   5.3416569e+00
   6.5582034e+00
   1.2322086e+00
   4.1673718e+00
   4.0033614e+00
   6.8636625e-01
   6.8171287e-01
   7.3777361e-01
   3.9481179e+00
