   4.8736315e+00
   9.9335827e-01
   1.8712052e+00
   2.2176311e+00
   2.0935919e+00
   3.2089445e+00
   1.1954963e+00
   3.1035556e+00
   6.1380093e+00
   4.4802479e+00
   3.3377906e+00
   2.8445452e+00
   8.6855882e-01
   1.7186959e+00
   2.9120054e+00
   7.0825458e+00
   4.3427941e+00
   2.9683021e+00
   4.0805380e+00
   4.8931860e+00
   2.7897449e+00
   2.8950128e+00
   4.3934396e+00
   2.6892379e+00
   1.8351345e+00
   6.5671764e+00
   6.1556160e+00
   4.3556020e+00
   3.1735351e+00
   3.0896785e+00
   2.3689245e+00
   2.9147368e+00
   3.6033124e+00
   3.4952444e+00
   3.3898358e+00
   6.0112011e+00
   1.7334490e+00
   3.3667514e+00
   3.0209178e+00
   3.2459293e+00
   4.6544786e+00
   3.9858307e+00
   3.4641424e+00
   4.8025758e+00
   3.7047972e+00
   4.3233270e+00
   4.0519654e+00
   2.9207371e+00
   3.9981899e+00
   3.3530143e+00
   5.4071030e+00
   4.6101574e+00
   2.6081185e+00
   4.0719482e+00
   2.9564826e+00
   4.0279343e+00
   2.1372288e+00
   3.0167001e+00
   1.9552242e+00
   2.8701672e+00
   2.2972980e+00
   3.0466238e+00
   4.1397831e+00
   4.7247299e+00
   3.7424103e+00
   3.7428356e+00
   4.0867738e+00
   2.6438769e+00
   2.9618610e+00
   2.4009565e+00
   3.4239382e+00
   3.0403485e+00
   2.8232038e+00
   3.4540201e+00
   3.5350879e+00
   4.8091991e+00
   4.9230189e+00
   1.7580640e+00
   1.9132600e+00
   3.4801855e+00
   4.5800242e+00
   3.9014842e+00
   3.7568418e+00
   3.9537575e+00
   3.3771354e+00
   3.2566985e+00
   2.7245158e+00
   2.2813081e+00
   2.6791581e+00
   3.3511152e+00
   3.9014842e+00
   2.1565035e+00
   2.9741943e+00
   2.1424352e+00
   8.2664845e+00
   4.4180043e+00
   3.4192868e+00
   3.6130165e+00
   3.3757212e+00
   2.3159278e+00
   4.1769085e+00
   3.0715965e+00
   2.1916423e+00
   2.7472036e+00
   3.9185800e+00
   3.0182824e+00
   3.7292035e+00
   5.4889007e+00
   3.0865863e+00
   2.3856615e+00
   2.9527119e+00
   1.3243442e+00
   6.0497331e+00
   2.9261811e+00
   2.9725885e+00
   2.2854902e+00
   4.9850228e+00
   3.6209369e+00
   3.9315554e+00
   3.0886481e+00
   3.6996385e+00
   1.5645456e+00
   1.6793527e+00
   2.3943185e+00
   3.1163496e+00
   1.6840846e+00
   3.4811000e+00
   3.3515901e+00
   1.5430353e+00
   3.3287185e+00
   3.7521789e+00
   3.5490171e+00
   3.6585422e+00
   2.6215092e+00
   3.2503392e+00
   3.5220074e+00
   1.5033297e+00
   2.5432375e+00
   2.9790065e+00
   2.8322092e+00
   2.8434259e+00
   3.5494655e+00
   4.0964982e+00
   2.3929887e+00
   4.5135167e-01
   3.1755405e+00
   3.6367260e+00
   4.2253996e+00
   2.6708284e+00
   4.2449408e+00
   2.8102079e+00
   2.9586351e+00
   2.8428662e+00
   1.2939513e+00
   7.1805178e+00
   5.0789599e+00
   3.4961550e+00
   3.9702274e+00
   2.1057200e+00
   2.0629598e+00
   3.5526028e+00
   3.2493598e+00
   4.0875526e+00
   3.0591356e+00
   3.6099317e+00
   1.9923163e+00
   1.4306406e+00
   2.7256839e+00
   2.9597108e+00
   4.2580431e+00
   3.0679673e+00
   2.8034035e+00
   3.3634407e+00
   2.1799923e+00
   3.3658058e+00
   3.6072854e+00
   3.7090906e+00
   4.5831506e+00
   3.0528861e+00
   2.7851772e+00
   3.0209178e+00
   2.5231325e+00
   2.3963118e+00
   2.0373416e+00
   2.4527651e+00
   3.8236073e+00
   4.8118459e+00
   3.0413953e+00
   4.4972670e+00
   2.5860570e+00
   2.2673122e+00
   4.6871898e+00
   2.5256544e+00
   2.2680141e+00
   2.9854107e+00
   2.2411894e+00
   2.9478568e+00
   2.3452921e+00
   5.0730025e+00
   2.7489410e+00
   3.0050710e+00
   3.3253700e+00
   3.7640368e+00
   1.4787795e+00
   3.4783558e+00
   3.4434058e+00
   3.1407680e+00
   3.7364517e+00
   2.9774033e+00
   2.4760146e+00
   4.5584284e+00
   2.5909758e+00
   2.7937356e+00
   9.8369815e-01
   1.8523986e+00
   2.8795785e+00
   3.7120931e+00
   3.0881328e+00
   3.5341873e+00
   2.6257555e+00
   1.5502386e+00
   2.5003212e+00
   2.7489410e+00
   6.6118590e+00
   3.4641424e+00
   2.2169133e+00
   3.2669451e+00
   3.3534890e+00
   2.3869954e+00
   2.7057582e-01
