   1.8655000e+01
   7.7500000e-01
   2.7500000e+00
   3.8625000e+00
   3.4425000e+00
   8.0875000e+00
   1.1225000e+00
   7.5650000e+00
   2.9590000e+01
   1.5765000e+01
   8.7500000e+00
   6.3550000e+00
   5.9250000e-01
   2.3200000e+00
   6.6600000e+00
   3.9397500e+01
   1.4812500e+01
   6.9200000e+00
   1.3077500e+01
   1.8805000e+01
   6.1125000e+00
   6.5825000e+00
   1.5160000e+01
   5.6800000e+00
   2.6450000e+00
   3.3872500e+01
   2.9760000e+01
   1.4900000e+01
   7.9100000e+00
   7.4975000e+00
   4.4075000e+00
   6.6725000e+00
   1.0197500e+01
   9.5950000e+00
   9.0250000e+00
   2.8380000e+01
   2.3600000e+00
   8.9025000e+00
   7.1675000e+00
   8.2750000e+00
   1.7015000e+01
   1.2477500e+01
   9.4250000e+00
   1.8115000e+01
   1.0780000e+01
   1.4680000e+01
   1.2895000e+01
   6.7000000e+00
   1.2555000e+01
   8.8300000e+00
   2.2962500e+01
   1.6692500e+01
   5.3425000e+00
   1.3022500e+01
   6.8650000e+00
   1.2742500e+01
   3.5875000e+00
   7.1475000e+00
   3.0025000e+00
   6.4700000e+00
   4.1450000e+00
   7.2900000e+00
   1.3460000e+01
   1.7532500e+01
   1.1000000e+01
   1.1002500e+01
   1.3117500e+01
   5.4900000e+00
   6.8900000e+00
   4.5275000e+00
   9.2075000e+00
   7.2600000e+00
   6.2600000e+00
   9.3700000e+00
   9.8150000e+00
   1.8165000e+01
   1.9035000e+01
   2.4275000e+00
   2.8750000e+00
   9.5125000e+00
   1.6475000e+01
   1.1955000e+01
   1.1085000e+01
   1.2277500e+01
   8.9575000e+00
   8.3300000e+00
   5.8300000e+00
   4.0875000e+00
   5.6375000e+00
   8.8200000e+00
   1.1955000e+01
   3.6525000e+00
   6.9475000e+00
   3.6050000e+00
   5.3670000e+01
   1.5330000e+01
   9.1825000e+00
   1.0252500e+01
   8.9500000e+00
   4.2125000e+00
   1.3702500e+01
   7.4100000e+00
   3.7725000e+00
   5.9275000e+00
   1.2060000e+01
   7.1550000e+00
   1.0922500e+01
   2.3662500e+01
   7.4825000e+00
   4.4700000e+00
   6.8475000e+00
   1.3775000e+00
   2.8745000e+01
   6.7250000e+00
   6.9400000e+00
   4.1025000e+00
   1.9517500e+01
   1.0297500e+01
   1.2140000e+01
   7.4925000e+00
   1.0750000e+01
   1.9225000e+00
   2.2150000e+00
   4.5025000e+00
   7.6275000e+00
   2.2275000e+00
   9.5175000e+00
   8.8225000e+00
   1.8700000e+00
   8.7025000e+00
   1.1057500e+01
   9.8925000e+00
   1.0512500e+01
   5.3975000e+00
   8.2975000e+00
   9.7425000e+00
   1.7750000e+00
   5.0800000e+00
   6.9700000e+00
   6.3000000e+00
   6.3500000e+00
   9.8950000e+00
   1.3180000e+01
   4.4975000e+00
   1.6000000e-01
   7.9200000e+00
   1.0387500e+01
   1.4022500e+01
   5.6025000e+00
   1.4152500e+01
   6.2025000e+00
   6.8750000e+00
   6.3475000e+00
   1.3150000e+00
   4.0495000e+01
   2.0260000e+01
   9.6000000e+00
   1.2380000e+01
   3.4825000e+00
   3.3425000e+00
   9.9125000e+00
   8.2925000e+00
   1.3122500e+01
   7.3500000e+00
   1.0235000e+01
   3.1175000e+00
   1.6075000e+00
   5.8350000e+00
   6.8800000e+00
   1.4240000e+01
   7.3925000e+00
   6.1725000e+00
   8.8850000e+00
   3.7325000e+00
   8.8975000e+00
   1.0220000e+01
   1.0805000e+01
   1.6497500e+01
   7.3200000e+00
   6.0925000e+00
   7.1675000e+00
   5.0000000e+00
   4.5100000e+00
   3.2600000e+00
   4.7250000e+00
   1.1482500e+01
   1.8185000e+01
   7.2650000e+00
   1.5885000e+01
   5.2525000e+00
   4.0375000e+00
   1.7255000e+01
   5.0100000e+00
   4.0400000e+00
   7.0000000e+00
   3.9450000e+00
   6.8250000e+00
   4.3200000e+00
   2.0212500e+01
   5.9350000e+00
   7.0925000e+00
   8.6850000e+00
   1.1127500e+01
   1.7175000e+00
   9.5025000e+00
   9.3125000e+00
   7.7475000e+00
   1.0965000e+01
   6.9625000e+00
   4.8150000e+00
   1.6320000e+01
   5.2725000e+00
   6.1300000e+00
   7.6000000e-01
   2.6950000e+00
   6.5125000e+00
   1.0822500e+01
   7.4900000e+00
   9.8100000e+00
   5.4150000e+00
   1.8875000e+00
   4.9100000e+00
   5.9350000e+00
   3.4335000e+01
   9.4250000e+00
   3.8600000e+00
   8.3825000e+00
   8.8325000e+00
   4.4750000e+00
   5.7500000e-02
