   3.2275000e+00
   1.0402500e+01
   4.9500000e-01
   1.1832500e+01
   1.4195000e+01
   4.5350000e+00
   3.4975000e+00
   7.1875000e+00
   1.6300000e+00
   1.5335000e+01
   3.4850000e+00
   3.5250000e-01
   3.3400000e+00
   4.5025000e+00
   2.1250000e-01
   5.5000000e-02
   9.7500000e-01
   4.6750000e-01
   6.6900000e+00
   3.2750000e-01
   2.7000000e-01
   1.9750000e-01
   4.8225000e+00
   6.9000000e-01
   2.7375000e+00
   6.7500000e-01
   1.1500000e-01
   5.2525000e+00
   6.4000000e-01
   4.7500000e-01
   1.9250000e-01
   9.3800000e+00
   2.6300000e+00
   3.0500000e-01
   4.3875000e+00
   9.6375000e+00
   1.7000000e-01
   6.5000000e-02
   1.6885000e+01
   1.1750000e+01
   5.0250000e-01
   3.1750000e-01
   1.0350000e+00
   3.1550000e+00
   1.3475000e+00
   2.6250000e+00
   2.2250000e-01
   7.2725000e+00
   2.2150000e+00
   2.2250000e-01
   4.9000000e-01
   6.9000000e-01
   3.8975000e+00
   3.2750000e-01
   1.4765000e+01
   3.2750000e-01
   4.3800000e+00
   1.0552500e+01
   3.8250000e-01
   1.8000000e-01
   5.3900000e+00
   9.9850000e+00
   2.4225000e+00
   1.7122500e+01
   7.5750000e+00
   2.4000000e-01
   1.1575000e+00
   1.2107500e+01
   1.4475000e+00
   1.3462500e+01
   6.3150000e+00
   1.9750000e-01
   2.7750000e-01
   1.1437500e+01
   2.4525000e+00
   4.8550000e+00
   1.8825000e+00
   9.9000000e-01
   2.9835000e+01
   5.0075000e+00
   6.6025000e+00
   4.9225000e+00
   5.2550000e+00
   7.1325000e+00
   2.1685000e+01
   5.9650000e+00
   7.2500000e-02
   4.7250000e-01
   1.2742500e+01
   8.3500000e-01
   3.5150000e+00
   5.0500000e-01
   2.8500000e+00
   1.2302500e+01
   5.2000000e-01
   8.2500000e-02
   1.3950000e+00
   1.2055000e+01
   6.0075000e+00
   3.1975000e+00
   3.7500000e-02
   1.1702500e+01
   7.8400000e+00
   5.0850000e+00
   1.5250000e-01
   8.7050000e+00
   1.6000000e+00
   1.3560000e+01
   3.5625000e+00
   1.0507500e+01
   1.1110000e+01
   6.1700000e+00
   6.8125000e+00
   9.9500000e+00
   5.1000000e-01
   8.8125000e+00
   1.7875000e+00
   1.4000000e-01
   6.3000000e-01
   1.1087500e+01
   8.1000000e-01
   3.6275000e+00
   6.4000000e-01
   2.7850000e+00
   6.2600000e+00
   4.5450000e+00
   1.0845000e+01
   1.2687500e+01
   8.7750000e-01
   1.5952500e+01
   3.9750000e-01
   6.8125000e+00
   4.5750000e-01
   3.3925000e+00
   3.6475000e+00
   1.1125000e+00
   4.9300000e+00
   3.4900000e+00
   6.7075000e+00
   2.4225000e+00
   1.6950000e+00
   5.4300000e+00
   3.5750000e-01
   1.3100000e+00
   2.8250000e-01
   2.7000000e+00
   2.5250000e-01
   1.6167500e+01
   1.6200000e+00
   5.1825000e+00
   8.6150000e+00
   6.8325000e+00
   1.0142500e+01
   4.8050000e+00
   6.6100000e+00
   2.1500000e-01
   2.1152500e+01
   8.8100000e+00
   4.4125000e+00
   4.0050000e+00
   3.4875000e+00
   8.0575000e+00
   2.3700000e+00
   3.3750000e-01
   9.9800000e+00
   7.2900000e+00
   1.6950000e+00
   8.9750000e-01
   8.9750000e-01
   2.0662500e+01
   4.4400000e+00
   3.9650000e+00
   9.7500000e-02
   6.3000000e-01
   5.9750000e+00
   3.1800000e+00
   7.0000000e-02
   5.1675000e+00
   1.9110000e+01
   2.6950000e+00
   9.7750000e-01
   3.8500000e+00
   5.7175000e+00
   1.5037500e+01
   1.2450000e+00
   2.2575000e+00
   6.4800000e+00
   5.8075000e+00
   4.8675000e+00
   1.2580000e+01
   8.5300000e+00
   5.3250000e-01
   2.8775000e+00
   8.0675000e+00
   1.5550000e+00
   1.0762500e+01
   7.2225000e+00
   2.5525000e+00
   7.3000000e+00
   9.6500000e-01
   1.5200000e+00
   2.6750000e+00
   1.0062500e+01
   1.2055000e+01
   6.0925000e+00
   1.5200000e+00
   6.9750000e-01
   1.2007500e+01
   1.3325000e+00
   2.7425000e+00
   9.4300000e+00
   4.4825000e+00
   7.7550000e+00
   2.6400000e+00
   6.6075000e+00
   1.1075000e+01
   2.2575000e+00
   6.5500000e-01
   6.5225000e+00
   2.4750000e-01
   3.2275000e+00
   5.1075000e+00
   1.1130000e+01
   1.6350000e+00
   6.4600000e+00
   1.0247500e+01
   2.0875000e+00
   7.0725000e+00
   6.2175000e+00
   1.0250000e+01
   2.4350000e+00
   1.6000000e-01
   1.1417500e+01
   3.9750000e-01
   2.6025000e+00
   1.6625000e+00
   3.0575000e+00
   7.7500000e-01
   3.4825000e+00
   3.6450000e+00
   2.0500000e+00
   7.7500000e-01
   1.1350000e+00
   1.3747500e+01
   3.7500000e+00
   8.8225000e+00
   5.3250000e-01
   2.1650000e+00
   7.7650000e+00
   6.6975000e+00
   5.4875000e+00
   1.9975000e+00
   6.6475000e+00
   2.4150000e+00
   4.0350000e+00
   6.3275000e+00
   1.8425000e+00
   3.1800000e+00
   5.8950000e+00
   1.6750000e-01
   1.3800000e+00
   1.1207500e+01
   3.1575000e+00
   1.5975000e+00
   2.9875000e+00
   2.5500000e+00
   7.6375000e+00
   1.0250000e-01
   5.5900000e+00
   2.1300000e+00
   2.4900000e+00
   4.3800000e+00
   4.6550000e+00
   6.6250000e+00
   1.1350000e+00
   1.1500000e-01
   1.9225000e+00
   1.0942500e+01
   2.2937500e+01
   2.6225000e+00
   6.4750000e-01
   6.4475000e+00
   9.8000000e-01
   4.8500000e-01
   2.5500000e-01
   7.5750000e-01
   5.8525000e+00
   1.9150000e+00
   7.0150000e+00
   7.3325000e+00
   2.0175000e+00
   4.3000000e+00
   1.3750000e-01
