   4.5772434e+00
   3.8839034e+00
   4.3683724e+00
   1.8805379e+00
   3.2410224e+00
   2.5724818e+00
   5.8903122e-01
   7.6322152e-01
   4.3435270e+00
   4.2565477e+00
   4.1266910e+00
   2.5842100e+00
   4.6180908e-01
   5.0462650e-01
   4.8533423e-01
   4.4064615e-01
   5.5566230e-01
   6.2571652e-01
   8.9917023e-01
   7.0241037e-01
   5.1708829e-01
   4.6180908e-01
   9.8207889e-01
   4.1459298e-01
   2.7639532e-01
   6.5795246e-01
   8.0976439e-01
   3.8678889e-01
   5.8360224e-01
   5.2624101e-01
   5.0777063e-01
   4.6865107e-01
   5.0462650e-01
   3.4318313e-01
   4.8204379e-01
   3.5233628e-01
   6.5065517e-01
   2.1110041e-01
   7.7151765e-01
   6.3580937e-01
   8.8489678e-01
   7.2909362e-01
   6.8868115e-01
   1.1617375e+00
   6.0238963e-01
   1.0570088e+00
   6.5783151e+00
   4.8866765e+00
   7.8176402e-01
   7.9588735e-01
   8.3492434e-01
   8.1953271e-01
   8.0976439e-01
   1.2283277e+00
   6.5065517e-01
   3.6810938e+00
   5.8360224e-01
   1.0029253e+00
   4.4377734e+00
   7.1809610e-01
   3.3931208e+00
   3.1306168e+00
   3.3377906e-01
   5.0146267e-01
   3.4975204e+00
   5.4115164e-01
   2.8389446e+00
   7.7972552e-01
   7.4207554e-01
   4.4399247e+00
   7.7151765e-01
   4.2963694e+00
   1.3634257e+00
   6.2060854e-01
   3.9541600e+00
   7.2030904e-01
   6.2571652e-01
   5.0146267e-01
   5.0777063e-01
   6.4820448e-01
   4.0291195e-01
   4.0535363e+00
   5.8086873e-01
   1.3505242e+00
   4.7203487e-01
   8.7038930e-01
   5.8125219e+00
   3.4318313e-01
   3.9088201e-01
   2.6498898e+00
   2.9392057e+00
   4.8533423e-01
   2.1901895e+00
   6.4327510e-01
   4.2967399e-01
   1.1213046e+00
   8.0007573e+00
   6.7467261e-01
   7.3992770e-01
   4.9184908e-01
   7.4848206e-01
   3.5682482e-01
   2.2567583e-01
   1.5274853e+00
   3.6733032e+00
   4.5486418e-01
   8.0779655e-01
   1.8177064e+00
   7.7575555e+00
   3.5147698e+00
   2.3923235e+00
   2.3621965e+00
   1.1241398e+00
   2.9741943e+00
   5.7536274e-01
   2.9316151e-01
   1.8420596e+00
   4.1734778e+00
   4.2967399e-01
   1.5827504e+00
   7.7151765e-01
   3.3377906e-01
   5.4772901e+00
   5.1089540e-01
   9.4911379e-01
   2.2896646e+00
   3.5350879e+00
   1.4841511e+00
   1.5997536e+00
   4.4223251e+00
   6.4079619e-01
   3.3851375e-01
   7.2909362e-01
   1.0867059e+00
   4.6865107e-01
   4.0204199e+00
   5.0177995e+00
   5.6980355e-01
   2.8518095e+00
   2.7274351e+00
   1.3122715e+00
   1.9074281e+00
   6.9328777e-01
   7.3127328e-01
   9.8369815e-01
   3.2351243e+00
   1.7930225e+00
   2.2104427e+00
   3.4341493e+00
   3.7627681e+00
   8.0976439e-01
   2.8501348e+00
   2.0342145e-01
   2.6462837e-01
   6.6516971e-01
   2.9923331e+00
   5.2320790e-01
   5.4679839e+00
   1.7688941e+00
   1.3587484e+00
   4.4905380e+00
   1.2565099e+00
   5.8903122e-01
   2.1335021e+00
   6.1545817e-01
   7.4421717e-01
   3.9754353e+00
   4.2722229e+00
   5.2399819e+00
   5.1089540e-01
   2.1959952e+00
   3.2752165e+00
   7.7308385e+00
   6.0157004e+00
   4.6180908e-01
   3.7424103e-01
   2.2347891e+00
   1.3171138e+00
   9.2533972e-01
   2.0459167e+00
   4.4781160e-01
   3.3109806e+00
   6.0238963e-01
   8.5190759e-01
   3.9088201e-01
   6.0765078e-01
   3.7424103e-01
   2.8096415e+00
   8.6672448e-01
   1.8036427e+00
   1.0139728e+00
   5.2049356e+00
   1.4980269e+00
   1.6410063e+00
   3.0008310e+00
   2.4266712e+00
   1.5706373e+00
   3.6103725e+00
   2.4907548e+00
   2.9234604e+00
   6.6036698e-01
   9.3389993e-01
   2.2694171e+00
   1.2360774e+00
   8.0976439e-01
   3.1122612e+00
   1.7679941e+00
   1.3877229e+00
   5.1708829e-01
   6.3330124e-01
   2.1609271e+00
   4.2498121e+00
   8.8129230e-01
   1.5430353e+00
   7.6113336e-01
   4.7539459e-01
   6.9328777e-01
   3.5722603e+00
