   3.5238145e+00
   3.4383178e+00
   3.9934102e+00
   3.9408552e+00
   3.0814256e+00
   5.2015709e+00
   3.9838337e+00
   2.3371345e+00
   7.0014086e-01
   3.3224971e+00
   3.7390066e+00
   2.0490260e+00
   5.4279612e+00
   2.4875579e+00
   1.5138795e+00
   3.2292154e+00
   1.5635280e+00
   3.9926131e+00
   3.9299358e+00
   2.2764193e+00
   3.7960359e+00
   2.1454046e+00
   7.5649808e+00
   5.9307034e+00
   2.9699103e+00
   2.8568279e+00
   1.2501606e+00
   3.7487840e+00
   5.4115164e-01
   3.8081752e+00
   4.9133107e+00
   2.8734924e+00
   2.7725771e+00
   5.0468958e+00
   4.5723728e+00
   1.3587484e+00
   2.4772999e+00
   2.2333643e+00
   4.9472060e+00
   3.9014842e+00
   4.8467793e+00
   3.7517547e+00
   4.1666079e+00
   1.8472363e+00
   2.9327007e+00
   4.8204379e-01
   2.8751535e+00
   3.1107267e+00
   3.7232238e+00
   2.9607861e+00
   3.6169789e+00
   4.2317980e+00
   2.3969759e+00
   2.4534139e+00
   5.3820256e-01
   8.5749393e-01
   5.2046298e+00
   4.2606587e+00
   3.6182987e+00
   3.6689679e+00
   2.3588253e+00
   3.5314843e+00
   3.8373188e+00
   1.2412171e+00
   2.6044546e+00
   4.1459298e-01
   1.2527042e+00
   5.9633531e+00
   3.2109278e+00
   3.0156448e+00
   5.3496955e+00
   4.1019338e+00
   3.7321898e+00
   4.8068820e+00
   3.2532758e+00
   3.2815276e+00
   6.5309666e-01
   4.6370069e+00
   9.0093852e-01
   3.7103777e+00
   8.0582391e-01
   4.2673772e+00
   4.6387227e+00
   4.4993898e+00
   3.9638083e+00
   2.3534213e+00
   2.7512559e+00
   3.9878267e+00
   4.9549209e+00
   4.7719901e+00
   4.1170379e+00
   3.2311862e+00
   1.6717538e+00
   1.7435193e+00
   4.9590949e+00
   4.4409999e+00
   3.1260380e+00
   3.2039809e+00
   3.5526028e+00
   9.4406974e-01
   4.2699872e+00
   3.2311862e+00
   3.3695866e+00
   2.4449662e+00
   3.9295308e+00
   2.5407331e+00
   5.1189130e+00
   6.4820448e-01
   2.0145598e+00
   4.4951431e+00
   3.0518433e+00
   3.1255288e+00
   1.0295494e+00
   3.4192868e+00
   2.8773669e+00
   1.9074281e+00
   3.9902206e+00
   5.5851919e-01
   3.6858467e+00
   7.3569976e+00
   1.5233119e+00
   1.8089294e+00
   2.7291851e+00
   2.5681474e+00
   4.6383796e+00
   4.4567406e+00
   3.7627681e+00
   1.7028808e+00
   2.1988923e+00
   2.9875423e+00
   3.9581830e+00
   4.4699342e+00
   3.5395871e+00
   2.1394617e+00
   3.0382539e+00
   2.7344285e+00
   4.6899055e+00
   3.5233628e-01
