   1.6455000e+01
   1.1847500e+01
   1.4987500e+01
   2.7775000e+00
   8.2500000e+00
   5.1975000e+00
   2.7250000e-01
   4.5750000e-01
   1.4817500e+01
   1.4230000e+01
   1.3375000e+01
   5.2450000e+00
   1.6750000e-01
   2.0000000e-01
   1.8500000e-01
   1.5250000e-01
   2.4250000e-01
   3.0750000e-01
   6.3500000e-01
   3.8750000e-01
   2.1000000e-01
   1.6750000e-01
   7.5750000e-01
   1.3500000e-01
   6.0000000e-02
   3.4000000e-01
   5.1500000e-01
   1.1750000e-01
   2.6750000e-01
   2.1750000e-01
   2.0250000e-01
   1.7250000e-01
   2.0000000e-01
   9.2500000e-02
   1.8250000e-01
   9.7500000e-02
   3.3250000e-01
   3.5000000e-02
   4.6750000e-01
   3.1750000e-01
   6.1500000e-01
   4.1750000e-01
   3.7250000e-01
   1.0600000e+00
   2.8500000e-01
   8.7750000e-01
   3.3987500e+01
   1.8755000e+01
   4.8000000e-01
   4.9750000e-01
   5.4750000e-01
   5.2750000e-01
   5.1500000e-01
   1.1850000e+00
   3.3250000e-01
   1.0642500e+01
   2.6750000e-01
   7.9000000e-01
   1.5467500e+01
   4.0500000e-01
   9.0425000e+00
   7.6975000e+00
   8.7500000e-02
   1.9750000e-01
   9.6075000e+00
   2.3000000e-01
   6.3300000e+00
   4.7750000e-01
   4.3250000e-01
   1.5482500e+01
   4.6750000e-01
   1.4497500e+01
   1.4600000e+00
   3.0250000e-01
   1.2280000e+01
   4.0750000e-01
   3.0750000e-01
   1.9750000e-01
   2.0250000e-01
   3.3000000e-01
   1.2750000e-01
   1.2905000e+01
   2.6500000e-01
   1.4325000e+00
   1.7500000e-01
   5.9500000e-01
   2.6535000e+01
   9.2500000e-02
   1.2000000e-01
   5.5150000e+00
   6.7850000e+00
   1.8500000e-01
   3.7675000e+00
   3.2500000e-01
   1.4500000e-01
   9.8750000e-01
   5.0275000e+01
   3.5750000e-01
   4.3000000e-01
   1.9000000e-01
   4.4000000e-01
   1.0000000e-01
   4.0000000e-02
   1.8325000e+00
   1.0597500e+01
   1.6250000e-01
   5.1250000e-01
   2.5950000e+00
   4.7265000e+01
   9.7025000e+00
   4.4950000e+00
   4.3825000e+00
   9.9250000e-01
   6.9475000e+00
   2.6000000e-01
   6.7500000e-02
   2.6650000e+00
   1.3680000e+01
   1.4500000e-01
   1.9675000e+00
   4.6750000e-01
   8.7500000e-02
   2.3562500e+01
   2.0500000e-01
   7.0750000e-01
   4.1175000e+00
   9.8150000e+00
   1.7300000e+00
   2.0100000e+00
   1.5360000e+01
   3.2250000e-01
   9.0000000e-02
   4.1750000e-01
   9.2750000e-01
   1.7250000e-01
   1.2695000e+01
   1.9775000e+01
   2.5500000e-01
   6.3875000e+00
   5.8425000e+00
   1.3525000e+00
   2.8575000e+00
   3.7750000e-01
   4.2000000e-01
   7.6000000e-01
   8.2200000e+00
   2.5250000e+00
   3.8375000e+00
   9.2625000e+00
   1.1120000e+01
   5.1500000e-01
   6.3800000e+00
   3.2500000e-02
   5.5000000e-02
   3.4750000e-01
   7.0325000e+00
   2.1500000e-01
   2.3482500e+01
   2.4575000e+00
   1.4500000e+00
   1.5837500e+01
   1.2400000e+00
   2.7250000e-01
   3.5750000e+00
   2.9750000e-01
   4.3500000e-01
   1.2412500e+01
   1.4335000e+01
   2.1565000e+01
   2.0500000e-01
   3.7875000e+00
   8.4250000e+00
   4.6940000e+01
   2.8422500e+01
   1.6750000e-01
   1.1000000e-01
   3.9225000e+00
   1.3625000e+00
   6.7250000e-01
   3.2875000e+00
   1.5750000e-01
   8.6100000e+00
   2.8500000e-01
   5.7000000e-01
   1.2000000e-01
   2.9000000e-01
   1.1000000e-01
   6.2000000e+00
   5.9000000e-01
   2.5550000e+00
   8.0750000e-01
   2.1277500e+01
   1.7625000e+00
   2.1150000e+00
   7.0725000e+00
   4.6250000e+00
   1.9375000e+00
   1.0237500e+01
   4.8725000e+00
   6.7125000e+00
   3.4250000e-01
   6.8500000e-01
   4.0450000e+00
   1.2000000e+00
   5.1500000e-01
   7.6075000e+00
   2.4550000e+00
   1.5125000e+00
   2.1000000e-01
   3.1500000e-01
   3.6675000e+00
   1.4185000e+01
   6.1000000e-01
   1.8700000e+00
   4.5500000e-01
   1.7750000e-01
   3.7750000e-01
   1.0022500e+01
