   9.7525000e+00
   9.2850000e+00
   1.2525000e+01
   1.2197500e+01
   7.4575000e+00
   2.1250000e+01
   1.2465000e+01
   4.2900000e+00
   3.8500000e-01
   8.6700000e+00
   1.0980000e+01
   3.2975000e+00
   2.3140000e+01
   4.8600000e+00
   1.8000000e+00
   8.1900000e+00
   1.9200000e+00
   1.2520000e+01
   1.2130000e+01
   4.0700000e+00
   1.1317500e+01
   3.6150000e+00
   4.4947500e+01
   2.7625000e+01
   6.9275000e+00
   6.4100000e+00
   1.2275000e+00
   1.1037500e+01
   2.3000000e-01
   1.1390000e+01
   1.8960000e+01
   6.4850000e+00
   6.0375000e+00
   2.0005000e+01
   1.6420000e+01
   1.4500000e+00
   4.8200000e+00
   3.9175000e+00
   1.9222500e+01
   1.1955000e+01
   1.8450000e+01
   1.1055000e+01
   1.3635000e+01
   2.6800000e+00
   6.7550000e+00
   1.8250000e-01
   6.4925000e+00
   7.6000000e+00
   1.0887500e+01
   6.8850000e+00
   1.0275000e+01
   1.4065000e+01
   4.5125000e+00
   4.7275000e+00
   2.2750000e-01
   5.7750000e-01
   2.1275000e+01
   1.4257500e+01
   1.0282500e+01
   1.0572500e+01
   4.3700000e+00
   9.7950000e+00
   1.1565000e+01
   1.2100000e+00
   5.3275000e+00
   1.3500000e-01
   1.2325000e+00
   2.7930000e+01
   8.0975000e+00
   7.1425000e+00
   2.2477500e+01
   1.3215000e+01
   1.0940000e+01
   1.8147500e+01
   8.3125000e+00
   8.4575000e+00
   3.3500000e-01
   1.6887500e+01
   6.3750000e-01
   1.0812500e+01
   5.1000000e-01
   1.4302500e+01
   1.6900000e+01
   1.5900000e+01
   1.2340000e+01
   4.3500000e+00
   5.9450000e+00
   1.2490000e+01
   1.9282500e+01
   1.7885000e+01
   1.3312500e+01
   8.2000000e+00
   2.1950000e+00
   2.3875000e+00
   1.9315000e+01
   1.5490000e+01
   7.6750000e+00
   8.0625000e+00
   9.9125000e+00
   7.0000000e-01
   1.4320000e+01
   8.2000000e+00
   8.9175000e+00
   4.6950000e+00
   1.2127500e+01
   5.0700000e+00
   2.0580000e+01
   3.3000000e-01
   3.1875000e+00
   1.5870000e+01
   7.3150000e+00
   7.6725000e+00
   8.3250000e-01
   9.1825000e+00
   6.5025000e+00
   2.8575000e+00
   1.2505000e+01
   2.4500000e-01
   1.0670000e+01
   4.2510000e+01
   1.8225000e+00
   2.5700000e+00
   5.8500000e+00
   5.1800000e+00
   1.6897500e+01
   1.5600000e+01
   1.1120000e+01
   2.2775000e+00
   3.7975000e+00
   7.0100000e+00
   1.2305000e+01
   1.5692500e+01
   9.8400000e+00
   3.5950000e+00
   7.2500000e+00
   5.8725000e+00
   1.7275000e+01
   9.7500000e-02
