   2.0271607e+00
   3.6393508e+00
   7.9388511e-01
   3.8814439e+00
   4.2513098e+00
   2.4029443e+00
   2.1102501e+00
   3.0251296e+00
   1.4406181e+00
   4.4187248e+00
   2.1064757e+00
   6.6993801e-01
   2.0621882e+00
   2.3943185e+00
   5.2015709e-01
   2.6462837e-01
   1.1141852e+00
   7.7151765e-01
   2.9185566e+00
   6.4574449e-01
   5.8632301e-01
   5.0146267e-01
   2.4779422e+00
   9.3730213e-01
   1.8669476e+00
   9.2705808e-01
   3.8265199e-01
   2.5860570e+00
   9.0270333e-01
   7.7768167e-01
   4.9507435e-01
   3.4558627e+00
   1.8299235e+00
   6.2316776e-01
   2.3635436e+00
   3.5029768e+00
   4.6524265e-01
   2.8768137e-01
   4.6366636e+00
   3.8678889e+00
   7.9987679e-01
   6.3580937e-01
   1.1479560e+00
   2.0042631e+00
   1.3098436e+00
   1.8281832e+00
   5.3225539e-01
   3.0429648e+00
   1.6793527e+00
   5.3225539e-01
   7.8986542e-01
   9.3730213e-01
   2.2276560e+00
   6.4574449e-01
   4.3358254e+00
   6.4574449e-01
   2.3615226e+00
   3.6654959e+00
   6.9786397e-01
   4.7873074e-01
   2.6196872e+00
   3.5655710e+00
   1.7562525e+00
   4.6691588e+00
   3.1056061e+00
   5.5279064e-01
   1.2139913e+00
   3.9262893e+00
   1.3575766e+00
   4.1401676e+00
   2.8355789e+00
   5.0146267e-01
   5.9441061e-01
   3.8161076e+00
   1.7670937e+00
   2.4862779e+00
   1.5481839e+00
   1.1227231e+00
   6.1633677e+00
   2.5250242e+00
   2.8994075e+00
   2.5035019e+00
   2.5866723e+00
   3.0135330e+00
   5.2545408e+00
   2.7558799e+00
   3.0382539e-01
   7.7563244e-01
   4.0279343e+00
   1.0310941e+00
   2.1155229e+00
   8.0186406e-01
   1.9049233e+00
   3.9577809e+00
   8.1368579e-01
   3.2410224e-01
   1.3327300e+00
   3.9177676e+00
   2.7656801e+00
   2.0177174e+00
   2.1850969e-01
   3.8600629e+00
   3.1594617e+00
   2.5444888e+00
   4.4064615e-01
   3.3291966e+00
   1.4272993e+00
   4.1551328e+00
   2.1297690e+00
   3.6576720e+00
   3.7610758e+00
   2.8028357e+00
   2.9451561e+00
   3.5593164e+00
   8.0582391e-01
   3.3496901e+00
   1.5086138e+00
   4.2220082e-01
   8.9562320e-01
   3.7572654e+00
   1.0155413e+00
   2.1491106e+00
   9.0270333e-01
   1.8830752e+00
   2.8232038e+00
   2.4055922e+00
   3.7159498e+00
   4.0192321e+00
   1.0570088e+00
   4.5068119e+00
   7.1141600e-01
   2.9451561e+00
   7.6322152e-01
   2.0783323e+00
   2.1550270e+00
   1.1901592e+00
   2.5054083e+00
   2.1079862e+00
   2.9223713e+00
   1.7562525e+00
   1.4690613e+00
   2.6293898e+00
   6.7467261e-01
   1.2914890e+00
   5.9974175e-01
   1.8541162e+00
   5.6700351e-01
   4.5370806e+00
   1.4361922e+00
   2.5687670e+00
   3.3119418e+00
   2.9494761e+00
   3.5935821e+00
   2.4734421e+00
   2.9010538e+00
   5.2320790e-01
   5.1896242e+00
   3.3492149e+00
   2.3702678e+00
   2.2581684e+00
   2.1072311e+00
   3.2029873e+00
   1.7371176e+00
   6.5552906e-01
   3.5646782e+00
   3.0466238e+00
   1.4690613e+00
   1.0689867e+00
   1.0689867e+00
   5.1291629e+00
   2.3776424e+00
   2.2468633e+00
   3.5233628e-01
   8.9562320e-01
   2.7581889e+00
   2.0121883e+00
   2.9854107e-01
   2.5650469e+00
   4.9327079e+00
   1.8523986e+00
   1.1156127e+00
   2.2140398e+00
   2.6981006e+00
   4.3756531e+00
   1.2590406e+00
   1.6953874e+00
   2.8723844e+00
   2.7192533e+00
   2.4894765e+00
   4.0021686e+00
   3.2955627e+00
   8.2340759e-01
   1.9140916e+00
   3.2049743e+00
   1.4070847e+00
   3.7017888e+00
   3.0324862e+00
   1.8027601e+00
   3.0487126e+00
   1.1084567e+00
   1.3911593e+00
   1.8455123e+00
   3.5793816e+00
   3.9177676e+00
   2.7851772e+00
   1.3911593e+00
   9.4238240e-01
   3.9100414e+00
   1.3025328e+00
   1.8686518e+00
   3.4650612e+00
   2.3889948e+00
   3.1422878e+00
   1.8333991e+00
   2.9005052e+00
   3.7551469e+00
   1.6953874e+00
   9.1322062e-01
   2.8817885e+00
   5.6136155e-01
   2.0271607e+00
   2.5501120e+00
   3.7644596e+00
   1.4428259e+00
   2.8679483e+00
   3.6121354e+00
   1.6303029e+00
   3.0008310e+00
   2.8136039e+00
   3.6125760e+00
   1.7607778e+00
   4.5135167e-01
   3.8127697e+00
   7.1141600e-01
   1.8203313e+00
   1.4549092e+00
   1.9730509e+00
   9.9335827e-01
   2.1057200e+00
   2.1542883e+00
   1.6155931e+00
   9.9335827e-01
   1.2021343e+00
   4.1837615e+00
   2.1850969e+00
   3.3515901e+00
   8.2340759e-01
   1.6602902e+00
   3.1443131e+00
   2.9201921e+00
   2.6432749e+00
   1.5947715e+00
   2.9092714e+00
   1.7535317e+00
   2.2666101e+00
   2.8383839e+00
   1.5316474e+00
   2.0121883e+00
   2.7396619e+00
   4.6180908e-01
   1.3255454e+00
   3.7775431e+00
   2.0050571e+00
   1.4261838e+00
   1.9503341e+00
   1.8018770e+00
   3.1183917e+00
   3.6125760e-01
   2.6678473e+00
   1.6468152e+00
   1.7805523e+00
   2.3615226e+00
   2.4345287e+00
   2.9043436e+00
   1.2021343e+00
   3.8265199e-01
   1.5645456e+00
   3.7326162e+00
   5.4041588e+00
   1.8273124e+00
   9.0797721e-01
   2.8651722e+00
   1.1170384e+00
   7.8582516e-01
   5.6980355e-01
   9.8207889e-01
   2.7297682e+00
   1.5614909e+00
   2.9886076e+00
   3.0554916e+00
   1.6027354e+00
   2.3398568e+00
   4.1841419e-01
